2010	0.0111650034890636	0.000489490190275082	0.0122434598784462	0.00590726960503721	0.0138092451726156	0.010669552024651	0.00149300920396262
2010	0.0120914100285656	0.000500873683072177	0.0177926539240729	0.0106239267315398	0.0183733177296665	0.0106883695767227	0.00509379610763718
2010	0.0129645353014173	0.000466723204680892	0.0114947590945125	0.0115397824842587	0.0215915740198947	0.012706552036412	0.00198482400056207
2010	0.00444640763950239	0.000443956219086703	0.00590152382630142	0.000870062965082999	0.00298420128730252	0.0044832817810813	0.000386425911613855
2010	0.0274157898174343	0.000512257175869272	0.0312692680348806	0.0250944476244991	0.0354008191925102	0.0227880555588225	0.00180917585891941
2010	0.00612218941318419	0.000597633371847484	0.00907249185237382	0.0130967372638809	0.0313633703920421	0.00640972867442107	0.000140518513314129
2010	0.0174040679387712	0.000557791147057652	0.0214480753985731	0.018294218660561	0.0351667641895846	0.0153433615204582	0.00128223143399143
2010	0.0701868969334053	0.000660242582231506	0.0713467805866291	0.0416485403548941	0.0472205968402575	0.0753501828830842	0.0188997400407504
2010	0.0126431289509778	0.00047241495107944	0.0120232537655245	0.00799084144247281	0.010825043885313	0.0112693614969363	0.00372374060282442
2010	0.0322540725793977	0.000506565429470725	0.0237382189729587	0.0309559244419004	0.0408425980105325	0.0254836698930928	0.00303871285041804
2010	0.0172064116270036	0.000432572726289608	0.0175284065885669	0.00805953062392673	0.0131070801638385	0.0174203488303715	0.00433850909857374
2010	0.00412672003960001	0.000643167343035864	0.00651810094248216	0.00501431024613623	0.00760678759508484	0.00470203582391476	0.000614768495749315
2010	0.00770172115678786	0.000796844495796645	0.0059896062714701	0.00460217515741271	0.00684610883557636	0.00687781528220448	0.00077285182322771
2010	0.0115121910975597	0.000569174639854747	0.00929269796529552	0.0130967372638809	0.0184318314803979	0.0108106836651887	0.00156326846061969
2010	0.0455297017280318	0.000552099400659104	0.0413547080066943	0.0411677160847167	0.0534815681685196	0.0444494101873523	0.00837841635635495
2010	0.00756078361274488	0.000483798443876535	0.0119792125429402	0.00483113909559244	0.00942071386775892	0.0062968233619909	0.00237124991217593
2010	0.0077085961589363	0.000557791147057652	0.00660618338765084	0.00352604464796795	0.0085430076067876	0.00713420442918132	0.000948499964870372
2010	0.0241793825560571	0.00042688097989106	0.0180128600369946	0.0102346880366342	0.0136337039204213	0.0289202253401861	0.00293332396543245
2010	0.0593381435431699	0.000569174639854747	0.062890865850436	0.0482884945621065	0.0637799882972499	0.0593858421442601	0.00512892573596571
2010	0.00221031319072287	0.00044964796548525	0.00246630846472298	0.00235832856325129	0.00444704505558806	0.00244157738130241	0.0000702592566570646
2010	0.00592281435087948	0.000461031458282345	0.00572535893596406	0.00631940469376073	0.00930368636629608	0.00534653698237031	0.000210777769971194
2010	0.0168454740142106	0.000535024161463462	0.0140931912269885	0.00629650829994276	0.0124634289057929	0.0161431074835052	0.00295088877959671
2010	0.00899937781230557	0.000631783850238769	0.00673830705540386	0.00709788208357184	0.0107080163838502	0.00839027602996695	0.000878240708213307
2010	0.0432214197566937	0.000580558132651842	0.078481458645292	0.0265369204350315	0.0332358104154476	0.0441436249661872	0.0364645542050165
2010	0.0236482886400902	0.000421189233492513	0.0273055580022901	0.0224613623354322	0.0380339379754242	0.0188881178919637	0.00300358322208951
2010	0.00987250308515721	0.0011155822941153	0.00999735752664494	0.00851745850028621	0.0101813926272674	0.0116904042245404	0.000140518513314129
2010	0.00585750183046932	0.000552099400659104	0.00554919404562671	0.00842587292501431	0.0117612638970158	0.00558646077128442	0
2010	0.00510984534682667	0.000574866386253294	0.00136527790011451	0.00721236405266171	0.0110005851375073	0.00443859009491103	0.000966064779034638
2010	0.00323812601191438	0.000705776553419886	0	0.00144247281053234	0.00122878876535986	0.00326954967245698	0.00133492587648423
2010	0.0633668948021546	0.000535024161463462	0.0510878181978332	0.0492959358900973	0.069631363370392	0.0564973479012549	0.0055504812759081
2010	0.00683375213554754	0.000438264472688155	0.00687043072315687	0.0042587292501431	0.00672908133411352	0.00608747809519329	0.000368861097449589
2010	0.00304218845068389	0.000591941625448936	0.00356733902933145	0.00162564396107613	0.00421299005266238	0.00356827831159514	0
2010	0.00829812759316487	0.000620400357441674	0.00695851316832555	0.00668574699484831	0.01275599765945	0.00669904853752337	0.00122953699149863
2010	0.206492408278878	0.00047241495107944	0.169778913062627	0.0945621064682313	0.129315389116442	0.196394086584261	0.0405922855336191
2010	0.00823625257382893	0.000574866386253294	0.00638597727472915	0.00489982827704637	0.00994733762434172	0.00803274254060475	0.000175648141642661
2010	0.0253790704309595	0.000523640668666367	0.0182771073725007	0.0247281053234116	0.0467524868344061	0.0193726698578099	0.000807981451556243
2010	0.034550323296976	0.000461031458282345	0.0237382189729587	0.0187750429307384	0.0249853715623171	0.0275794747550778	0.00423312021358814
2010	0.00370390740747106	0.000318737798318658	0.00387562758742183	0.001740125930166	0.00362785254534816	0.00296376445129194	0.0000878240708213307
2010	0.00377265742895545	0.000734235285412623	0.00475645203910861	0.00734974241556955	0.0109420713867759	0.00482670210638974	0.000649898124077847
2010	0.00948406546377046	0.000609016864644579	0.00695851316832555	0.00870062965082999	0.0189584552369807	0.00871487880320369	0.000158083327478395
2010	0.0139734418667006	0.000580558132651842	0.0247511670923985	0.0163480251860332	0.0257460503218256	0.0152633869241535	0.00365348134616736
2010	0.023895788717434	0.000523640668666367	0.0201268387210429	0.0177218088151116	0.0251609128145114	0.0214967010479024	0.00268741656713272
2010	0.0156853174016617	0.000603325118246031	0.0135646965559764	0.0112192329708071	0.0137507314218841	0.0144024839168735	0.00237124991217593
2010	0.00628890821528382	0.000529332415064914	0.00532898793270501	0.00444190040068689	0.00573434757167934	0.00565702659155327	0.0000878240708213307
2010	0.0233715698036156	0.000586249879050389	0.0155025103496873	0.0247052089295936	0.0407255705090696	0.0192197772472274	0.002178036956369
2010	0.00422468882021526	0.000591941625448936	0.00541707037787369	0.00311390955924442	0.00737273259215916	0.00522657508791325	0.000790416637391976
2010	0.0629922071850647	0.000546407654260557	0.0674271117766229	0.038282770463652	0.0535985956699824	0.0633586978253966	0.0551535164757957
2010	0.0170568803302751	0.000768385763803908	0.0200387562758742	0.0197137950772753	0.0365125804564073	0.0159619885448152	0.00173891660226235
2010	0.0111701597406749	0.000654550835832959	0.00845591473619308	0.00886090440755581	0.00906963136337039	0.0100838557164195	0.000790416637391976
2010	0.0107834408698253	0.000563482893456199	0.0144455210076632	0.0106239267315398	0.0145114101813926	0.0100909122984464	0.0022307313988618
2010	0.0304614157691924	0.000512257175869272	0.031049061921959	0.020881511161992	0.038560561732007	0.0243075728886119	0.00310897210707511
2010	0.00883609651128016	0.000535024161463462	0.00858803840394609	0.00925014310246136	0.0155646576945582	0.00841379797005657	0.00068502775240638
2010	0.00220171943803732	0.000569174639854747	0.00184973134854224	0.00155695477962221	0.00356933879461673	0.00258976560386701	0.000737722194899178
2010	0.0302929782165557	0.000557791147057652	0.0203910860565489	0.0245220377790498	0.0329432416617905	0.0252555070742235	0.00370617578866016
2010	0.00851125265976646	0.000421189233492513	0.00726680172641593	0.00496851745850029	0.0101813926272674	0.00744939842638221	0.000351296283285323
2010	0.515255629767384	0.000552099400659104	0.480357614727385	0.338706353749284	0.428145114101814	0.432046291178096	0.0936204594955385
2010	0.028713446472952	0.000523640668666367	0.0277459702281335	0.0204693760732685	0.0218256290228204	0.0307643454432122	0.00728939787817045
2010	0.0143945357482924	0.00049518193667363	0.015458469127103	0.0158214081282198	0.0275599765944997	0.010914180201583	0.00100119440736317
2010	0.105077532836729	0.000614708611043126	0.10992689157051	0.0796565540927304	0.0866588648332358	0.097752478624437	0.0139991568889201
2010	0.00899937781230557	0.000648859089434411	0.00955694530080155	0.00920435031482542	0.0157987126974839	0.00962282569066297	0.00149300920396262
2010	0.0202761000862813	0.000552099400659104	0.0185413547080067	0.0176073268460218	0.0311878291398479	0.017453279546497	0.00112414810651303
2010	0.00726859602143626	0.000722851792615528	0.00801550251034969	0.00567830566685747	0.00667056758338209	0.007893963094076	0.00151057401812689
2010	0.0359871987459996	0.000574866386253294	0.0381396987580375	0.0341156267887808	0.0571679344645992	0.0312747715431569	0.00398721281528841
2010	0.00837203386626058	0.000745618778209718	0.00753104906192196	0.00892959358900973	0.0144528964306612	0.00831265362767121	0.000140518513314129
2010	0.00339281356025424	0.000557791147057652	0.00458028714877125	0.00247281053234116	0.00339379754242247	0.00368353581803427	0.000122953699149863
2010	0.00631468947334046	0.000677317821427148	0.00383158636483749	0.00675443617630223	0.0115857226448215	0.00603102543897821	0.0000878240708213307
2010	0.0151421922319351	0.000574866386253294	0.0118470888751872	0.0179965655409273	0.0332358104154476	0.0123631317111035	0.0011944073631701
2010	0.007311564784864	0.000671626075028601	0.00999735752664494	0.0046937607326846	0.00737273259215916	0.00733178872593412	0
2010	0.0158245361951676	0.000540715907862009	0.0129040782172113	0.0129822552947911	0.0162668227033353	0.0136144989238712	0.00258202768214712
2010	0.0048623452694829	0.000597633371847484	0.00563727649079538	0.00638809387521465	0.0102399063779988	0.0045326778552695	0.000403990725778121
2010	0.0170517240786638	0.000461031458282345	0.0164273760239584	0.0162335432169433	0.0306026916325336	0.013630964281934	0.00282793508044685
2010	0.00429000134062542	0.000182135884753519	0.00286267946798203	0.000297653119633658	0.000175541252194266	0.00294965128723817	0.000737722194899178
2010	0.0515281411025441	0.00049518193667363	0.052629260988285	0.0351230681167716	0.0598595669982446	0.0621920095969516	0.00649898124077847
2010	0.00669453334204167	0.000842378466985025	0.0073548841715846	0.00480824270177447	0.00807489760093622	0.0079245416161925	0.0011944073631701
2010	0.0109295346654796	0.000631783850238769	0.0143133973399102	0.00583858042358329	0.0093622001170275	0.0112505439448646	0.000878240708213307
2010	0.0206576627055196	0.000461031458282345	0.0136527790011451	0.011333714939897	0.0157987126974839	0.015729121337928	0.00316166654956791
2010	0.00612047066264708	0.000836686720586478	0.00405179247775918	0.00560961648540355	0.00971328262141603	0.00676490996977431	0.00339000913370337
2010	0.0101371906678721	0.00047241495107944	0.00938078041046419	0.0110818546078993	0.0113516676418958	0.00909358203864655	0.000474249982435186
2010	0.0460023581257369	0.000455339711883797	0.044305469919845	0.0271551230681168	0.0379754242246928	0.0354687334611359	0.00730696269233471
2010	0.0095820342443857	0.000563482893456199	0.0110543468686691	0.00821980538065255	0.0170275014628438	0.00987686264363085	0.0010363240356917
2010	0.00508750158984425	0.000512257175869272	0.00766317272967498	0.0039152833428735	0.00983031012287888	0.00564056123349054	0.000667462938242113
2010	0.0159276612273941	0.000751310524608266	0.0138729851140668	0.0144018317115054	0.0185488589818607	0.0185305844026015	0.0108199255251879
2010	0.00269671959272487	0.000779769256601003	0.00193781379371091	0.00203777904979966	0.00520772381509655	0.00302727368953391	0.000439120354106654
2010	0.0132137541292982	0.000552099400659104	0.0135646965559764	0.00767029192902118	0.00766530134581627	0.0114928199277876	0.00170378697393382
2010	0.00552578297680718	0.000489490190275082	0.00739892539416894	0.00235832856325129	0.00520772381509655	0.00530654968421795	0.000386425911613855
2010	0.00613765816801818	0.000609016864644579	0.00537302915528935	0.0042587292501431	0.0100643651258046	0.0060192644689334	0.000263472212463992
2010	0.0159671924897477	0.000580558132651842	0.013388531665639	0.0126617057813394	0.0177296664716208	0.0138426617427405	0.00135249069064849
2010	0.0062854707142096	0.000677317821427148	0.00308288558090373	0.00677733257012021	0.010122878876536	0.00737177602408647	0.000368861097449589
2010	0.0199168812240254	0.000455339711883797	0.018056901259579	0.0152489982827705	0.0196021064950263	0.0163736224963835	0.00182674067308368
2010	0.0264636020198756	0.000540715907862009	0.0328107108253325	0.020858614768174	0.0366881217086015	0.0247145024521623	0.00411016651443828
2010	0.00337734480542025	0.000506565429470725	0.00801550251034969	0.00430452203777905	0.00772381509654769	0.00351182565538006	0.000597203681585049
2010	0.0137396917936537	0.000683009567825696	0.0163392935787897	0.0127990841442473	0.0192510239906378	0.0123019746668705	0.00312653692123937
2010	0.031803759938675	0.000580558132651842	0.0278340526733022	0.0117458500286205	0.0159157401989468	0.0402766180154539	0.00699079603737792
2010	0.00670828334633855	0.000432572726289608	0.0112305117590064	0.00506010303377218	0.00772381509654769	0.0055935173533113	0.00115927773484157
2010	0.00122203163188489	0.000916371170166142	0.00176164890337356	0.00620492272467086	0.0131070801638385	0.00276382796053018	0.000421555539942387
2010	0.00782031494384842	0.000677317821427148	0.0122875011010306	0.0077389811104751	0.00983031012287888	0.00887718018982206	0.00105388884985597
2010	0.0172562553925798	0.000626092103840221	0.0137849026688981	0.021728677733257	0.0415447630193095	0.0148470485845673	0.00144031476146982
2010	0.0451103265969771	0.000438264472688155	0.0354972254029772	0.0403663423010876	0.0590403744880047	0.0334975948816258	0.00363591653200309
2010	0.00674609585815496	0.000563482893456199	0.0107460583105787	0.00856325128792215	0.0179052077238151	0.00617450927352488	0.000105388884985597
2010	0.0431337634793011	0.000455339711883797	0.0325464634898265	0.0319175729822553	0.0571679344645992	0.0335987392240112	0.00309140729291084
2010	0.000130625040820325	0.00101882260534	0.00365542147450013	0.000915855752718947	0.00152135751901697	0.00149129100168182	0.000316166654956791
2010	0.00979515931098728	0.000580558132651842	0.00911653307495816	0.0127303949627934	0.0245172615564658	0.00932880143954273	0
2010	0.0129060977831556	0.000483798443876535	0.0203030036113803	0.00833428734974241	0.0131070801638385	0.0183682830159832	0.00182674067308368
2010	0.0114984410932628	0.000461031458282345	0.00999735752664494	0.00412135088723526	0.00415447630193095	0.00788925870605808	0.000491814796599452
2010	0.0283009463440457	0.000466723204680892	0.0222408174050912	0.0227361190612479	0.0418958455236981	0.0300516306584967	0.00165109253144102
2010	0.0245351639172387	0.000557791147057652	0.0278340526733022	0.0168746422438466	0.0194850789935635	0.0243428557987463	0.00367104616033162
2010	0.0101251594141123	0.000523640668666367	0.00823570862327138	0.00787635947338294	0.00906963136337039	0.00946993308008045	0.000614768495749315
2010	0.00912656535205167	0.000569174639854747	0.0126398308817053	0.00757870635374928	0.0120538326506729	0.00969103931692286	0.00205508325721914
2010	0.0152143797544937	0.000506565429470725	0.015986963798115	0.0108986834573555	0.011644236395553	0.0140026109353499	0.00163352771727675
2010	0.00664125207539127	0.000597633371847484	0.0114066766493438	0.0068689181453921	0.0126389701579871	0.00700012937067049	0.00077285182322771
2010	0.00910594034560636	0.000392730501499775	0.00493261692944596	0.0046937607326846	0.00971328262141603	0.00765874369317981	0.0010890184781845
2010	0.00449281390400435	0.000546407654260557	0.00673830705540386	0.00311390955924442	0.00760678759508484	0.00552059933903348	0.00121197217733436
2010	0.00835828386196371	0.000529332415064914	0.00938078041046419	0.00838008013737836	0.0149210064365126	0.00859021252072871	0.000667462938242113
2010	0.0708176783805245	0.000540715907862009	0.080815643442262	0.0318259874069834	0.0433001755412522	0.0808260905359474	0.0164406660577531
2010	0.00633703323032288	0.000523640668666367	0.00977715141372324	0.0039152833428735	0.00444704505558806	0.00663789149329037	0.00077285182322771
2010	0.0134543792044935	0.00047241495107944	0.01065797586541	0.0155008586147682	0.0248098303101229	0.0109424065296906	0.0012471018056629
2010	0.00724625226445383	0.000654550835832959	0.00867612084911477	0.00828849456210647	0.0155061439438268	0.00719536147341433	0.000193212955806928
2010	0.0211853191204122	0.000620400357441674	0.0192460142693561	0.0248654836863194	0.0386190754827384	0.0225363707998636	0.00184430548724794
2010	0.00295109467221708	0.00085376195978212	0.00136527790011451	0.00231253577561534	0.00526623756582797	0.00382701965258095	0.000333731469121057
2010	0.0158554737048355	0.000483798443876535	0.0125077072139523	0.00725815684029765	0.0117612638970158	0.0140049631293589	0.00201995362889061
2010	0.017149692859279	0.000626092103840221	0.0194221791596935	0.015638236977676	0.0237565827969573	0.0153174873863596	0.000755287009063444
2010	0.0686520527037665	0.000552099400659104	0.0653131330925747	0.0380080137378363	0.0579871269748391	0.0675855904595011	0.00865945338298321
2010	0.0331100103468782	0.000535024161463462	0.0316656390381397	0.0184544934172868	0.0152135751901697	0.0324226422195303	0.00317923136373217
2010	0.0655445517326724	0.000557791147057652	0.0436008103584955	0.0487464224384659	0.0601521357519017	0.0583108894821645	0.0165460549427387
2010	0.0369651678016149	0.000535024161463462	0.0314894741478023	0.0142644533485976	0.0170275014628438	0.0681924565138133	0.00416286095693108
2010	0.0299629781134307	0.000500873683072177	0.033779617722188	0.0170807097882084	0.0268578115857226	0.0271019793712585	0.00186187030141221
2010	0.0485168901615282	0.00038134700870268	0.0321060512639831	0.0251631368059531	0.0292568753657109	0.0347748362284921	0.00333731469121057
2010	0.0261611019253444	0.000671626075028601	0.023518012860037	0.0179965655409273	0.0211234640140433	0.0253049031484117	0.00295088877959671
2010	0.229472102960032	0.000586249879050389	0.22350920461552	0.160435031482542	0.194324166179052	0.244402366307173	0.0444389798355933
2010	0.0184112557535174	0.000506565429470725	0.0193340967145248	0.0136462507155123	0.017203042715038	0.0148846836887106	0.0011417129206773
2010	0.0247242264763208	0.000591941625448936	0.0245750022020611	0.013875214653692	0.0177881802223523	0.0239665047573124	0.0044614627977236
2010	0.0934467479521087	0.000535024161463462	0.0760591914031534	0.0740469376073268	0.107021650087771	0.0823173815376292	0.0147368790838193
2010	0.124009570002991	0.000586249879050389	0.116577116180745	0.0736119061247853	0.0784669397308368	0.117223940630623	0.0181093234033584
2010	0.0267214146004421	0.000512257175869272	0.0343521536157844	0.0179049799656554	0.0253949678174371	0.0251872934479636	0.00493571278015879
2010	0.0711322097288155	0.000512257175869272	0.0633312780762794	0.0413279908414425	0.0511995318899941	0.057661683935691	0.00620037939998595
2010	0.0237290699153343	0.000569174639854747	0.0194662203822778	0.0185460789925587	0.0228203627852545	0.0203582391475649	0.00186187030141221
2010	0.0297842280575713	0.000478106697477987	0.0218444464018321	0.0147223812249571	0.020245757753072	0.0247050936761264	0.004356073912738
2010	0.924976539055168	0.000586249879050389	0.725491059631815	0.562266742987979	0.673317729666472	0.793888999964717	0.321822525117684
2010	0.0343629794884311	0.000540715907862009	0.0301241962476878	0.0169433314253005	0.0232884727911059	0.0294377080221577	0.00275767582378978
2010	0.0248462577644556	0.000512257175869272	0.0214921166211574	0.0181797366914711	0.0262726740784084	0.0240817622637515	0.00474249982435186
2010	0.103858938705918	0.000563482893456199	0.106095305205673	0.0315283342873497	0.0284961966062025	0.11358274430475	0.0242921379891801
2010	0.0534170479428275	0.000466723204680892	0.0335153703866819	0.0320778477389811	0.0382679929783499	0.0418902231056017	0.00586664793086489
2010	0.0913258097893156	0.000557791147057652	0.0832819519069849	0.0558900973096737	0.0619075482738444	0.0910793042210122	0.0114522588351015
2010	0.0185985995620624	0.000523640668666367	0.0193781379371091	0.0148368631940469	0.0157987126974839	0.0154139273407271	0.000597203681585049
2010	0.785508526721415	0.000597633371847484	0.829252180040518	0.461957641671437	0.514862492685781	0.765589753842897	0.157345605283496
2010	0.0267592271122585	0.000552099400659104	0.0249713732053202	0.0122266742987979	0.0138092451726156	0.0267703200159949	0.00381156467364575
2010	0.0197140686606465	0.000506565429470725	0.0205672509468863	0.0134172867773326	0.0141603276770041	0.0180977807049525	0.00196725918639781
2010	0.0575936117480037	0.000603325118246031	0.0484453448427728	0.023468803663423	0.0188999414862493	0.0559210603690592	0.00751774046230591
2010	0.105163470363584	0.000489490190275082	0.0869373733814851	0.0514939896966228	0.0683440608543008	0.120930998388747	0.0362010819925525
2010	0.0265392270435085	0.000540715907862009	0.0257641152118383	0.0193932455638237	0.0283791691047396	0.0221929504745551	0.00193212955806928
2010	0.562182675682086	0.000591941625448936	0.523606095305206	0.308597595878649	0.399473376243417	0.517595587284039	0.0773027471369353
2010	0.0513150160359425	0.000466723204680892	0.0429842332423148	0.0162106468231254	0.0217086015213575	0.0462935302903784	0.00314410173540364
2010	0.0188925059039081	0.000609016864644579	0.020787457059808	0.0133485975958786	0.0143943826799298	0.0237712726545685	0.00144031476146982
2010	0.00962672175835055	0.000552099400659104	0.0099533163040606	0.00524327418431597	0.00924517261556466	0.0080915473908288	0.000421555539942387
2010	0.0177632868010271	0.000540715907862009	0.0200827974984586	0.00769318832283915	0.00912814511410181	0.0174815058746045	0.00231855546968313
2010	0.0272628210196316	0.000563482893456199	0.0280983000088082	0.0231024613623354	0.0267407840842598	0.0244981006033378	0.00193212955806928
2010	0.0184078182524432	0.000506565429470725	0.0187615608209284	0.0116771608471666	0.0180222352252779	0.0169334446705164	0.00291575915126818
2010	0.0194975060929707	0.00105866483012983	0.0403858011098388	0.0155008586147682	0.0145114101813926	0.022696319992473	0.00261715731047566
2010	0.0381493869216834	0.000523640668666367	0.0381837399806219	0.0318488838008014	0.0419543592744295	0.0356945440859962	0.00426824984191667
2010	0.0211904753720236	0.000552099400659104	0.0298159076895975	0.0154321694333143	0.0185488589818607	0.0178766744681101	0.00307384247874657
2010	0.048733452729204	0.00044964796548525	0.0272174755571215	0.0253921007441328	0.0370392042129901	0.0379032542604114	0.00523431462095131
2010	0.0374790742122107	0.000557791147057652	0.0323262573769048	0.0150200343445907	0.0191925102399064	0.0380937819751373	0.00546265720508677
2010	0.16059145643483	0.000517948922267819	0.101867347837576	0.0750314825414997	0.0680514921006437	0.131666411845649	0.0196374622356495
2010	0.0410007940627481	0.000552099400659104	0.0280983000088082	0.040892959358901	0.0523698069046226	0.0342620579345384	0.00230099065551886
2010	0.10620675193961	0.000540715907862009	0.109134149563992	0.0714367487120778	0.0781743709771796	0.102645042163078	0.0143504531722054
2010	0.0302878219649444	0.00049518193667363	0.0281863824539769	0.0145621064682313	0.0151550614394383	0.0255424747433168	0.00230099065551886
2010	0.195427092320966	0.000546407654260557	0.153659825596759	0.130646823125358	0.148624926857812	0.184520211227022	0.0921098854774117
2010	0.306322595725811	0.000580558132651842	0.293710913414956	0.182552947910704	0.216734932709187	0.291051077892905	0.0386601559755498
2010	0.0240092262528832	0.000557791147057652	0.0190698493790188	0.0158672009158558	0.014569923932124	0.0236724805061921	0.00282793508044685
2010	0.168863802769938	0.000523640668666367	0.13388531665639	0.106857469948483	0.124166179052077	0.139301633598739	0.0426649336050025
2010	0.0413995441873576	0.000500873683072177	0.0347925658416278	0.0355580995993131	0.0377998829724985	0.0352711491643831	0.00486545352350172
2010	0.10901347156671	0.000563482893456199	0.0948647934466661	0.0554550658271322	0.049093036863663	0.108276194620532	0.0156853790486897
2010	0.0152951610297378	0.000535024161463462	0.00889632696203647	0.00968517458500286	0.0143943826799298	0.0120549942959295	0.000579638867420783
2010	0.0254890704653345	0.000586249879050389	0.0334713291640976	0.0115626788780767	0.0155061439438268	0.0248391687346372	0.00115927773484157
2010	0.0692845529014228	0.000500873683072177	0.052497137320532	0.048677733257012	0.0675248683440609	0.0582944241241018	0.00864188856881894
2010	0.00927781539931731	0.000478106697477987	0.00444816348101823	0.00334287349742416	0.00526623756582797	0.00762346078304539	0.00045668516827092
2010	0.383081994713123	0.000512257175869272	0.315555359816789	0.209433314253005	0.299941486249269	0.349025603631788	0.0718225251176842
2010	0.00930015915629974	0.000466723204680892	0.00766317272967498	0.00741843159702347	0.0128730251609128	0.00860197349077352	0.00179161104475515
2010	0.0210736003355001	0.000546407654260557	0.0275698053377962	0.0192100744132799	0.0221767115272089	0.0197443165112258	0.00210777769971194
2010	0.0573117366599177	0.000523640668666367	0.0496784990751343	0.0331997710360618	0.0412521942656524	0.0520658143883708	0.00481275908100892
2010	0.00709500221718819	0.000438264472688155	0.00453624592618691	0.00627361190612479	0.00626097132826214	0.00553941689110518	0.000702592566570646
2010	0.0294886029651884	0.000387038755101228	0.0201708799436272	0.011310818546079	0.0133996489174956	0.0216237195243864	0.00226586102719033
2010	0.0118335974479992	0.000512257175869272	0.0140931912269885	0.0128677733257012	0.0189584552369807	0.0110835381702283	0.0000702592566570646
2010	0.0219621943631857	0.000580558132651842	0.02598432132476	0.0172180881511162	0.0218841427735518	0.0217272160607807	0.00256446286798286
2010	0.0313998535624542	0.000563482893456199	0.0401655949969171	0.026994848311391	0.0366881217086015	0.0313194632293272	0.00288062952293965
2010	0.0169589115496599	0.000580558132651842	0.0137408614463137	0.0228506010303377	0.0262726740784084	0.0171992425935291	0.00179161104475515
2010	0.104917689036778	0.000512257175869272	0.0777327578613582	0.0539668002289639	0.0654183733177297	0.115090500664495	0.0115576477200871
2010	0.0268400083875026	0.000546407654260557	0.0200387562758742	0.018271322266743	0.017203042715038	0.0242111329342444	0.00177404623059088
2010	0.0208226627570821	0.000597633371847484	0.0219325288470008	0.00957069261591299	0.0122878876535986	0.0214919966598845	0.00045668516827092
2010	0.0821236194136311	0.000523640668666367	0.0774244693032679	0.0429994275901546	0.0650672908133411	0.0703211920919237	0.00883510152462587
2010	0.0469751709297409	0.000546407654260557	0.0455386241522065	0.0293302804808243	0.0368636629607958	0.043172168840486	0.010556453312724
2010	0.040103606282377	0.000535024161463462	0.0354531841803928	0.02090440755581	0.0235225277940316	0.0356851353099604	0.00470737019602333
2010	0.050507203283501	0.000580558132651842	0.0417510790099533	0.0496164854035489	0.0836746635459333	0.0448140002587413	0.00324949062038924
2010	0.0367159489737341	0.000517948922267819	0.0252796617634106	0.0210646823125358	0.0221181977764775	0.0365272207651687	0.00291575915126818
2010	0.0304425095132842	0.000574866386253294	0.0266449396635251	0.0196451058958214	0.0251609128145114	0.0315452738541875	0.00317923136373217
2010	0.258061799394312	0.000517948922267819	0.202061129216947	0.137332570120206	0.163253364540667	0.226582144495278	0.0193915548373498
2010	0.382157306924158	0.000540715907862009	0.294635779089228	0.189421866056096	0.2255119953189	0.332527314852929	0.0539064146701328
2010	0.147274577273305	0.000540715907862009	0.101691182947239	0.0941728677733257	0.100175541252194	0.114862337845626	0.0167568327127099
2010	0.0607612689878966	0.000569174639854747	0.052365013652779	0.0327418431597023	0.0301345816266823	0.0504874922083573	0.00530457387760837
2010	0.0293046966577177	0.000609016864644579	0.0298599489121818	0.0125930165998855	0.0118782913984786	0.0321639008785445	0.00477762945268039
2010	0.0183837557449237	0.000546407654260557	0.0139610675592354	0.00812821980538065	0.0121708601521358	0.0166652945534948	0.00166865734560528
2010	0.00785984620620194	0.00047241495107944	0.00977715141372324	0.0100744132799084	0.0111176126389702	0.00761405200700954	0.00177404623059088
2010	0.126101289406653	0.000597633371847484	0.128468246278517	0.0650715512306812	0.077530719719134	0.13370341185741	0.0257675823789784
2010	0.0422761069612834	0.000478106697477987	0.0306967321412842	0.0206754436176302	0.0289643066120538	0.035275853552401	0.00481275908100892
2010	0.0715326786039621	0.000626092103840221	0.0601162688276227	0.0408013737836291	0.0421299005266238	0.0672539311042375	0.00667462938242113
2010	0.024366726364602	0.000523640668666367	0.0185413547080067	0.0152261018889525	0.0148624926857812	0.0215766756442071	0.00295088877959671
2010	0.0822594007060627	0.00049518193667363	0.0545670747819959	0.0438923869490555	0.0671152720889409	0.101090241923154	0.0114698236492658
2010	0.0144254732579604	0.000500873683072177	0.0190258081564344	0.00489982827704637	0.00596840257460503	0.0133416444188317	0.00140518513314129
2010	0.0645476764211489	0.000512257175869272	0.0607768871663877	0.0480595306239267	0.0586892919836162	0.0597104449174968	0.0148949624112977
2010	0.897062311581972	0.000512257175869272	0.619351713203559	0.353382942186606	0.404973668812171	0.716600609218248	0.135055856109042
2010	0.0481903275594774	0.000455339711883797	0.0340879062802783	0.0210417859187178	0.0197191339964892	0.0333799851811777	0.00396964800112415
2010	0.119580349868859	0.000478106697477987	0.0786576235356293	0.0546994848311391	0.0668227033352838	0.0890375998212333	0.0151935642520902
2010	0.0328917290286653	0.000512257175869272	0.0264247335506034	0.015638236977676	0.0232884727911059	0.0243099250826208	0.00284549989461111
2010	0.262162738175856	0.000552099400659104	0.218488505240905	0.171127647395535	0.169923932124049	0.249116163101133	0.259520129277032
2010	0.087441433575448	0.000489490190275082	0.060556681053466	0.040892959358901	0.0517846693973084	0.0658002752066991	0.00844867561301201
2010	0.0413961066862833	0.000540715907862009	0.0330309169382542	0.0277733257012021	0.0242246928028087	0.0322909193550284	0.00402234244361695
2010	0.393208872877773	0.000626092103840221	0.292389676737426	0.245746994848311	0.175482738443534	0.366892869323862	0.0998910981521816
2010	0.122263319457287	0.000517948922267819	0.0960539064564432	0.040022896393818	0.0450555880631949	0.1111811542216	0.0157380734911825
2010	0.0997322186663183	0.00047241495107944	0.0590592794855985	0.0459301659988552	0.057284961966062	0.0763263433968034	0.00853649968383335
2010	0.00241484450463891	0.000535024161463462	0.00149740156786752	0.00128219805380653	0.0032182562902282	0.00236630717301563	0.000421555539942387
2010	0.0435445448576703	0.000483798443876535	0.0369505857482604	0.0317801946193475	0.0268578115857226	0.0322297623107954	0.0103281107285885
2010	0.0931476853586517	0.000483798443876535	0.065357174315159	0.0264224384659416	0.0339379754242247	0.144984534324391	0.0219384528911684
2010	0.309993846873077	0.000603325118246031	0.29283008896327	0.149650829994276	0.0792861322410767	0.317113387512202	0.0893170800252933
2010	0.0257228205383814	0.00049518193667363	0.0232978067471153	0.00844876931883228	0.0110005851375073	0.0248368165406283	0.00140518513314129
2010	0.0550807984627495	0.00047241495107944	0.0438210164714172	0.0212249570692616	0.0234055002925688	0.0391240429510626	0.00997681444530317
2010	0.0248565702676782	0.000455339711883797	0.0136087377785607	0.0123182598740698	0.0176711527208894	0.0261070013054677	0.00293332396543245
2010	0.0431543884857464	0.000461031458282345	0.0306967321412842	0.0192558672009159	0.0262726740784084	0.0457831041904336	0.00727183306400618
2010	0.0596062686269589	0.000512257175869272	0.0386241522064652	0.0224842587292501	0.0293739028671738	0.0496501111411669	0.00760556453312724
2010	0.159780206181314	0.000455339711883797	0.0984761736985819	0.0551574127074986	0.0653598595669982	0.14013901466593	0.0493395629874236
2010	0.183961307487909	0.000563482893456199	0.179203734695675	0.115649685174585	0.130661205383265	0.150241687934421	0.0954472001686222
2010	0.353660423018882	0.000660242582231506	0.315247071258698	0.2420377790498	0.207197191339965	0.36798428734402	0.086190543104054
2010	0.0222870382146994	0.00044964796548525	0.0151061393464283	0.0119290211791643	0.0146869514335869	0.0164042010185	0.000966064779034638
2010	0.184724432726385	0.000563482893456199	0.156698669955078	0.114092730394963	0.127911059098888	0.176525103790561	0.0420150354809246
2010	0.0938214355691986	0.000512257175869272	0.0623623711794239	0.0620263308528907	0.07489760093622	0.0665059334093876	0.0078866015597555
2010	0.00209687565527364	0.000774077510202456	0.00277459702281335	0.00311390955924442	0.00210649502633119	0.00264857045409105	0.00263472212463992
2010	0.0988522183913182	0.000506565429470725	0.0975072668017264	0.039107040641099	0.0431831480397893	0.0769496748091783	0.0220789714044825
2010	0.0087175027242196	0.000535024161463462	0.00810358495551836	0.00462507155123068	0.00503218256290228	0.00763522175309019	0.000930935150706106
2010	0.0227459446081077	0.000603325118246031	0.0232097243019466	0.0182026330852891	0.0189584552369807	0.0195467322144731	0.00226586102719033
2010	0.0276718836474636	0.000506565429470725	0.0207434158372236	0.0146536920435031	0.0135166764189585	0.0230891363919696	0.00370617578866016
2010	0.0577482992963435	0.000478106697477987	0.044569717255351	0.0264224384659416	0.0232884727911059	0.0576687405177179	0.00660437012576407
2010	0.0300093843779326	0.000535024161463462	0.0182330661499163	0.0202404121350887	0.0204798127559977	0.0218283604031661	0.00310897210707511
2010	0.0141985981870619	0.000620400357441674	0.0119792125429402	0.00748712077847739	0.00895260386190755	0.0125089677396592	0.00303871285041804
2010	0.147025358445425	0.00049518193667363	0.0910772483044129	0.073085289066972	0.0778232884727911	0.121455537652746	0.0468629241902621
2010	0.327762289925716	0.000586249879050389	0.345327226283802	0.15672581568403	0.139847864248098	0.295534359673986	0.245784444600576
2010	0.0615501754844298	0.000523640668666367	0.0476966440588391	0.0363594733829422	0.0454066705675834	0.0490526538628906	0.00542752757675824
2010	0.0872558085174402	0.000506565429470725	0.0751343257288822	0.0474413279908414	0.0369221767115272	0.0709633410563703	0.069890395559615
2010	0.227052102203782	0.000563482893456199	0.209680260724038	0.166182026330853	0.159098888238736	0.204949016194856	0.250966064779035
2010	0.223573351116672	0.000512257175869272	0.147053642209108	0.116748712077848	0.1255119953189	0.171206793136298	0.055504812759081
2010	0.078780649618953	0.000455339711883797	0.0663701224345988	0.0481053234115627	0.0616149795201872	0.0657085396403495	0.0106969718260381
2010	0.0284418838880887	0.000478106697477987	0.0343081123932	0.0141957641671437	0.0165593914569924	0.0234748962094394	0.004356073912738
2010	0.0788992434060136	0.000466723204680892	0.0517043953140139	0.0357412707498569	0.047571679344646	0.0661460477260164	0.0078866015597555
2010	0.0314101660656769	0.000529332415064914	0.0234299304148683	0.0171493989696623	0.0197191339964892	0.0215978453902878	0.00300358322208951
2010	0.101786125558164	0.000614708611043126	0.0979917202501541	0.101270749856898	0.0974253949678174	0.112218471779552	0.0582976182111993
2010	0.525740008043753	0.000569174639854747	0.426583281951907	0.255729822552948	0.193036863662961	0.482801933503475	0.126132930513595
2010	0.0112303160094738	0.00044964796548525	0.0126398308817053	0.00437321121923297	0.00526623756582797	0.00916885224693333	0.00175648141642661
2010	0.191044278451337	0.000529332415064914	0.166475821368801	0.124212936462507	0.112931538911644	0.179140743528526	0.140167217030844
2010	0.0660997081561588	0.00042688097989106	0.0481810975072668	0.0232169433314253	0.0282036278525453	0.0437343432086278	0.0132263050656924
2010	0.0295057904705595	0.00047241495107944	0.0232097243019466	0.0203319977103606	0.0232884727911059	0.0227057287685088	0.00407503688610975
2010	0.98606780814619	0.000813919734992288	0.975424997797939	0.955260446479679	1	0.993251555388288	0.904816272043842
2010	0.0368053240016638	0.000500873683072177	0.020655333392055	0.0259874069834001	0.0227033352837917	0.0334505510014466	0.0162825827302747
2010	0.0111976597492687	0.000415497487093965	0.00973311019113891	0.00854035489410418	0.0111176126389702	0.00867253931104237	0.00105388884985597
2010	0.102387688246153	0.00044964796548525	0.0739452127191051	0.0500515168860904	0.0544763019309538	0.0703000223458431	0.0143153235438769
2010	0.0231721947413109	0.000557791147057652	0.0295957015766758	0.013050944476245	0.0162083089526039	0.0232067460924177	0.00412773132860254
2010	0.0507770471178272	0.000552099400659104	0.0293754954637541	0.0232398397252433	0.0297834991222937	0.036633069495572	0.00672732382491393
2010	0.00285312589160184	0.000609016864644579	0.00171760768078922	0.00194619347452776	0.00128730251609128	0.00249803003751749	0.000403990725778121
2010	0.0282717275849149	0.000500873683072177	0.0141812736721571	0.0171722953634803	0.0184318314803979	0.0220894539381608	0.00365348134616736
2010	0.0281978213118192	0.00038134700870268	0.0228573945212719	0.0170120206067544	0.0245172615564658	0.0236724805061921	0.00216047214220474
2010	0.0243839138699731	0.000398422247898323	0.018453272262838	0.0105323411562679	0.010122878876536	0.0285297611346984	0.0119967680741938
2010	0.037264230395072	0.00047241495107944	0.0266889808861094	0.0142415569547796	0.014979520187244	0.0274759782186835	0.00732452750649898
2010	0.0289678215524442	0.00044964796548525	0.0222408174050912	0.0169662278191185	0.0245172615564658	0.0201371329107225	0.00324949062038924
2010	0.142360669487709	0.000523640668666367	0.0959217827886902	0.0747338294218661	0.0728496196606202	0.113886177331906	0.0113468699501159
2010	0.0324878226524446	0.000512257175869272	0.0192019730467718	0.0231711505437894	0.0186073727325922	0.026027026709163	0.0106442773835453
2010	0.261016331567604	0.000461031458282345	0.161278957103849	0.101316542644533	0.105090696313634	0.190038458372047	0.0262242675472493
2010	0.0176120367537615	0.000512257175869272	0.0146216858980005	0.0106697195191757	0.0142773551784669	0.0156162160254978	0.0023888147263402
2010	0.285010089065653	0.000517948922267819	0.216682815114948	0.163068116771608	0.161614979520187	0.240361296999777	0.13055926368299
2010	0.0228748508983909	0.000523640668666367	0.0162952523562054	0.0216599885518031	0.0270918665886483	0.0163689181083656	0.00542752757675824
2010	0.0630489259527894	0.000552099400659104	0.0482691799524355	0.0237664567830567	0.0251609128145114	0.069130981923389	0.0252406379540504
2010	0.108215971317491	0.000506565429470725	0.0990046683695939	0.0276588437321122	0.0227033352837917	0.0606513225210815	0.0623726550973091
2010	0.0106356283236339	0.000409805740695418	0.00700255439090989	0.00792215226101889	0.0126974839087185	0.00874780951932915	0.00152813883229115
2010	0.00708984596557686	0.000529332415064914	0.00700255439090989	0.0055638236977676	0.00485664131070802	0.0056617309795712	0.00144031476146982
2010	0.0205046939077168	0.000415497487093965	0.0138289438914824	0.0126617057813394	0.0150380339379754	0.0191092241288061	0.00384669430197429
2010	0.00893750279296962	0.000409805740695418	0.00775125517484365	0.0141957641671437	0.022878876535986	0.00792689381020147	0.000755287009063444
2010	0.156605673939273	0.000489490190275082	0.125957896591209	0.039977103606182	0.0276770040959626	0.0967292742305385	0.0813426543947165
2010	0.0466348583233932	0.00049518193667363	0.0269532282216154	0.0337950772753291	0.035927442949093	0.0365060510190881	0.00906344410876133
2010	0.00214671942084982	0.000335813037514301	0.00149740156786752	0.00309101316542645	0.00433001755412522	0.00193820786338457	0.000245907398299726
2010	0.0453303266657271	0.000478106697477987	0.0290231656830794	0.0264911276473955	0.0263897015798713	0.0377174309337034	0.0065868053115998
2010	0	0	0	0	0	0	0
2010	0.00310062596894562	0.000421189233492513	0.00308288558090373	0.00350314825414997	0.000702165008777063	0.00278970209462877	0.000755287009063444
2010	0.0208690690215841	0.000461031458282345	0.013256407997886	0.0109215798511734	0.0143943826799298	0.0176343984851871	0.00344270357619616
2010	0.0123268788521496	0.000398422247898323	0.00832379106844006	0.0126159129937035	0.0245757753071972	0.00985804509155915	0.000966064779034638
2010	0.00912656535205167	0.000591941625448936	0.0110103056460847	0.0133943903835146	0.0111761263897016	0.00923000929116633	0.00105388884985597
2010	0.0143464107332534	0.000631783850238769	0.00823570862327138	0.0101888952489983	0.0197191339964892	0.0112058522586943	0.000579638867420783
2010	0.00701765844301826	0.000176444138354971	0.00383158636483749	0.0101659988551803	0.0223522527794032	0.003638844131864	0.000614768495749315
2010	0.00329484477963899	0.000489490190275082	0.00242226724213864	0.00203777904979966	0.00275014628437683	0.00429275406635539	0.000158083327478395
2010	0.0364873551522985	0.000506565429470725	0.0305646084735312	0.0261705781339439	0.0261556465769456	0.0308255024874452	0.00623550902831448
2010	0.016317817599318	0.000631783850238769	0.0214480753985731	0.0229879793932456	0.0263311878291398	0.0145647853034918	0.0068502775240638
2010	0.0206971939678731	0.00042688097989106	0.0177486127014886	0.0153176874642244	0.0300175541252194	0.014430710244981	0.00298601840792524
2010	0.00332921979038118	0.000705776553419886	0.00264247335506034	0.00455638236977676	0.00731421884142774	0.00332365013466311	0.000351296283285323
2010	0.00625453320454163	0.00080822798859374	0.00960098652338589	0.00519748139668002	0.00573434757167934	0.00774342267750244	0.000210777769971194
2010	0.028383446369827	0.00049518193667363	0.015722716462609	0.0127761877504293	0.013867758923347	0.0409187669799005	0.0141396754022342
2010	0.134065979395619	0.000620400357441674	0.137981150356734	0.140950200343446	0.12674078408426	0.145701953497124	0.0697498770463009
2010	0.191860684956464	0.000603325118246031	0.169690830617458	0.12870062965083	0.10866003510825	0.208799557787526	0.0730871917375114
2010	0.00817953380610431	0.000500873683072177	0.00422795736809654	0.00705208929593589	0.00778232884727911	0.00738588918814024	0.00240637954050446
2010	0.010826409633253	0.000557791147057652	0.00321500924865674	0.00851745850028621	0.00971328262141603	0.00927940536535453	0.00579638867420783
2010	0.0032054697517093	0.00047241495107944	0.00211397868404827	0.00116771608471666	0.000585137507314219	0.00292142495913063	0.000386425911613855
2010	0.00208484440151388	0.000455339711883797	0.00132123667753017	0.00473955352032055	0.00678759508484494	0.00253096075364296	0.000526944424927984
2010	0.0258809455877955	0.000637475596637316	0.0244428785343081	0.0264453348597596	0.0293739028671738	0.0264221953026686	0.0129628328532284
2010	0.00548797046499077	0.000586249879050389	0.00471241081652427	0.00286204922724671	0.00661205383265067	0.00537476331047785	0.00131736106231996
2010	0.0320925100289094	0.00040411399429687	0.026512815995772	0.02960503720664	0.0400234055002926	0.0253284250885013	0.00282793508044685
2010	0.00927094039716887	0.000654550835832959	0.00960098652338589	0.00762449914138523	0.0143358689291984	0.00719771366742329	0.000105388884985597
2010	0.0155100048468765	0.000631783850238769	0.00731084294900026	0.0202633085289067	0.0207723815096548	0.0143954273348466	0.00291575915126818
2010	0.00280156337548855	0.000569174639854747	0.00528494671012067	0.00139668002289639	0.0032182562902282	0.00274971479647641	0.000966064779034638
2010	0.00634218948193421	0.000466723204680892	0.00484453448427728	0.00485403548941042	0.00473961380924517	0.00496783374692745	0.00077285182322771
2010	0.654830204634439	0.000677317821427148	0.657095040958337	0.427017744705209	0.292510239906378	0.67866677643572	0.456702733085084
2010	0.0133168791615247	0.000574866386253294	0.0169999119175548	0.0113795077275329	0.00444704505558806	0.0130005762875322	0.00964308297618211
2010	0.0067546896108405	0.000586249879050389	0.00761913150709064	0.000961648540354894	0.00140433001755413	0.00776929681160102	0.00839598117051922
2010	0.0371129803478064	0.000734235285412623	0.0301241962476878	0.0376645678305667	0.0380339379754242	0.0407705787573359	0.0141045457739057
2010	0.00955281548525484	0.000461031458282345	0.00537302915528935	0.00510589582140813	0.00825043885313049	0.0070612864149035	0.00237124991217593
2010	0.0143550044859389	0.000591941625448936	0.0158988813529464	0.0141499713795077	0.0159157401989468	0.0130076328695591	0.00535726832010117
2010	0.0388076683773964	0.000347196530311396	0.0314013917026337	0.0221637092157985	0.0310122878876536	0.0285274089406894	0.0033197498770463
2010	0.00472312647597702	0.000500873683072177	0.00841187351360874	0.00306811677160847	0.0042715038033938	0.00495372058287368	0.00137005550481276
2010	0.0477503274219773	0.000535024161463462	0.0533339205496345	0.0327647395535203	0.0309537741369222	0.044957484093288	0.0181444530316869
2010	0.0144890670278334	0.000648859089434411	0.0125957896591209	0.00915855752718947	0.0098888238736103	0.017389770308255	0.00827302747136935
2010	0.00438281386962933	0.000256128587934636	0.00215801990663261	0.00187750429307384	0.00146284376828555	0.00312841803191927	0.000281037026628258
2010	0.0108693783966807	0.000443956219086703	0.00977715141372324	0.00840297653119634	0.0126389701579871	0.00927470097733661	0.000913370336541839
2010	0.0227528196102561	0.00049518193667363	0.0130802431075487	0.019988551803091	0.020245757753072	0.0201089065826149	0.0101524625869458
2010	0.0104070345021983	0.000313046051920111	0.0274376816700432	0.00496851745850029	0.00275014628437683	0.00868194808707822	0.00242394435466873
2010	0.0104534407667002	0.000432572726289608	0.00387562758742183	0.00812821980538065	0.013458162668227	0.00664494807531725	0.0011417129206773
2010	0.0101973469366709	0.000631783850238769	0.00528494671012067	0.0144476244991414	0.0197191339964892	0.00908182106860174	0.00144031476146982
2010	0.0044842201513188	0.000870837198977763	0.0041839161455122	0.00496851745850029	0.00912814511410181	0.00460559586954732	0.00133492587648423
2010	0.0238459449518578	0.000540715907862009	0.0176605302563199	0.021774470520893	0.0238736102984201	0.0194008961859174	0.00191456474390501
2010	0.0902464344520108	0.000654550835832959	0.0805954373293403	0.0788551803091013	0.102691632533645	0.0914321333223564	0.0545563127942106
2010	0.060737206480377	0.000569174639854747	0.041707037787369	0.0385575271894677	0.0356933879461673	0.0642901666529455	0.0132263050656924
2010	0.0243873513710473	0.000535024161463462	0.0223288998502598	0.0101431024613623	0.0183733177296665	0.0548813906170981	0.0226234806435748
2010	0.207953346235421	0.000552099400659104	0.199815026865146	0.103354321694333	0.094733762434172	0.182843096898632	0.0420326002950889
2010	0.0380411056378455	0.00047241495107944	0.0264687747731877	0.0277046365197481	0.0319485078993563	0.0268855775224341	0.00391695355863135
2010	0.000608437690136778	0.000244745095137541	0.000616577116180745	0.000595306239267315	0.00181392627267408	0.000736236724805062	0.000316166654956791
2010	0.0139871918709975	0.000637475596637316	0.00889632696203647	0.014768174012593	0.0177296664716208	0.0120008938337234	0.00523431462095131
2010	0.0219604756126486	0.00049518193667363	0.0168237470272175	0.0161190612478535	0.0252194265652428	0.0213014689451586	0.00711374973652779
2010	0.0430976697180218	0.000443956219086703	0.0251915793182419	0.0253463079564969	0.0347571679344646	0.0356404436237901	0.0218506288203471
2010	0.00350453234516636	0.000478106697477987	0.00277459702281335	0.0021751574127075	0.00327677004095963	0.00270502311030614	0.00107145366402023
2010	0.0127496914842786	0.000603325118246031	0.0163392935787897	0.0123640526617058	0.0088355763604447	0.013445140955226	0.00706105529403499
2010	0.00882234650698328	0.000523640668666367	0.0111864705364221	0.00831139095592444	0.00965476887068461	0.0088748279958131	0.000948499964870372
2010	0.00798359624487383	0.000204902870347709	0.00255439090989166	0.00267887807670292	0.00333528379169105	0.00434920672257048	0.00191456474390501
2010	0.0155718798662125	0.000546407654260557	0.0065621421650665	0.0182026330852891	0.0327677004095963	0.0126524515742058	0.00172135178809808
2010	0.00228937571542991	0.000478106697477987	0.000220206112921695	0.00100744132799084	0.0013458162668227	0.00865372175897068	0.00180917585891941
2010	0.162514738285856	0.00085376195978212	0.259534924689509	0.130578133943904	0.0654768870684611	0.2054594422948	0.122374060282442
2010	0.0214448504515158	0.000409805740695418	0.020787457059808	0.0228048082427018	0.0214745465184318	0.0155691721453185	0.00483032389517319
2010	0.00642640825825258	0.000677317821427148	0.00471241081652427	0.00680022896393818	0.00585137507314219	0.00633445846613429	0.00274011100962552
2010	0.0465764208051315	0.000535024161463462	0.0456707478199595	0.0254607899255867	0.0328262141603277	0.0600021169746081	0.00969577741867491
2010	0.00762609613315504	0.000461031458282345	0.00436008103584956	0.00858614768174013	0.00789935634874196	0.00717183953332471	0.000843111079884775
2010	0.0188306308845722	0.000779769256601003	0.0299039901347661	0.0116542644533486	0.00356933879461673	0.0227386594846343	0.0124885828707932
2010	0.00884469026396571	0.000512257175869272	0.00559323526821105	0.0118832283915283	0.0141603276770041	0.00762346078304539	0.00235368509801166
2010	0.0051510953597173	0.000392730501499775	0.00347925658416278	0.00256439610761305	0.00251609128145114	0.0037188187281687	0.00154570364645542
2010	0.0203121938475606	0.000597633371847484	0.0191579318241874	0.01740125930166	0.0233469865418373	0.015479788772978	0.00377643504531722
2010	0.00606203314438536	0.00044964796548525	0.000704659561349423	0.00668574699484831	0.00579286132241077	0.00429275406635539	0.00149300920396262
2010	0.0577379867931209	0.00042688097989106	0.0435567691359112	0.0216370921579851	0.0259801053247513	0.098055911651593	0.0210250825546266
2010	0.00989656559267675	0.000358580023108491	0.00281863824539769	0.00586147681740126	0.00620245757753072	0.00673197925364884	0.00163352771727675
2010	0.00986047183139745	0.000489490190275082	0.00612172993922311	0.0134172867773326	0.0114101813926273	0.00945346772201771	0.00346026839036043
2010	0.120101131281604	0.000546407654260557	0.13388531665639	0.09039496279336	0.119192510239906	0.123483128888471	0.100505866647931
2010	0.144864889020278	0.000751310524608266	0.18453272262838	0.114275901545507	0.14113516676419	0.15638326649182	0.0727358954542261
2010	0.00741125231601635	0.000591941625448936	0.0049766581520303	0.00634230108757871	0.00544177881802224	0.00521010972985052	0.000702592566570646
2010	0.00808156502548907	0.00038134700870268	0.00612172993922311	0.00922724670864339	0.0104739613809245	0.00436096769261529	0.000807981451556243
2010	0.00169812553066423	0.000461031458282345	0.000308288558090373	0.00231253577561534	0.00444704505558806	0.00222987992049584	0
2010	0.0083032838447762	0.000631783850238769	0.00933673918787986	0.00753291356611334	0.00959625511995319	0.00808213861479295	0.00226586102719033
2010	0.0204411001378438	0.000512257175869272	0.0162952523562054	0.0137607326846022	0.0181977764774722	0.0170439977889376	0.00614768495749315
2010	0.0152160985050308	0.000540715907862009	0.0118470888751872	0.0103720663995421	0.0105909888823874	0.0119750196996248	0.000983629593198904
2010	0.0112887535277355	0.000563482893456199	0.00713467805866291	0.00776187750429307	0.013867758923347	0.00910063862067343	0.00191456474390501
2010	0.0198154749423359	0.000779769256601003	0.0112305117590064	0.0228277046365197	0.0198946752486834	0.0160631328872005	0.0034778332045247
2010	0.0443214201004438	0.00042688097989106	0.028450629789483	0.0388322839152833	0.0501462843768286	0.0342832276806191	0.00226586102719033
2010	0.00644187701308657	0.000506565429470725	0.00532898793270501	0.00618202633085289	0.00403744880046811	0.0079927552424524	0.00486545352350172
2010	0.0628186133808167	0.000597633371847484	0.0772923456355148	0.0760389238694906	0.0772381509654769	0.0586260834793654	0.0142099346588913
2010	0.0135110979722181	0.000409805740695418	0.00880824451686779	0.00574699484831139	0.00959625511995319	0.0137203476542745	0.00298601840792524
2010	0.0112371910116222	0.000751310524608266	0.00643001849731349	0.0103720663995421	0.00678759508484494	0.0200007056582027	0.00182674067308368
2010	0.0166684427088883	0.000648859089434411	0.00744296661675328	0.0159358900973097	0.0169689877121123	0.0202147553130182	0.0158610271903323
2010	0.213302097906906	0.000745618778209718	0.289218708711354	0.229696622781912	0.183908718548859	0.258882472626342	0.181040539591091
2010	0.024272195085061	0.000387038755101228	0.018717519598344	0.0196451058958214	0.0354008191925102	0.0164206663765627	0.00189699992974074
2010	0.00840640887700277	0.000409805740695418	0.0041839161455122	0.00139668002289639	0.00111176126389702	0.0211720982746657	0.00286306470877538
2010	0.00410265753208048	0.00040411399429687	0.00453624592618691	0.00393817973669147	0.00280866003510825	0.00387171133875122	0.00191456474390501
2010	0.00383453244829139	0.000677317821427148	0.00374350391966881	0.00691471093302805	0.00111176126389702	0.00388817669681395	0.000895805522377573
2010	0.0636917386536683	0.000483798443876535	0.0421474500132124	0.0229879793932456	0.0348741954359274	0.051560092676444	0.012734490269093
2010	0.0147743796169936	0.000421189233492513	0.00805954373293403	0.0108757870635375	0.0188414277355178	0.0115281028379221	0.00156326846061969
2010	0.0497148592858935	0.000461031458282345	0.0526733022108694	0.0385346307956497	0.0581626682270334	0.0420290025521305	0.0106618421977095
2010	0.0184817245255389	0.000546407654260557	0.00898440940720514	0.0224842587292501	0.0424224692802809	0.0142260693662013	0
2010	0.0156646923952164	0.000443956219086703	0.0115388003170968	0.00968517458500286	0.0103569338794617	0.0165688545991273	0.00286306470877538
2010	0.0151834422448257	0.000461031458282345	0.00810358495551836	0.0100973096737264	0.0207723815096548	0.010420219459701	0.000737722194899178
2010	0.0284281338837918	0.00047241495107944	0.018189024927332	0.0246365197481397	0.02510239906378	0.0207487033530526	0.00709618492236352
2010	0.0209962565613302	0.00049518193667363	0.00885228573945213	0.01389811104751	0.013867758923347	0.0164441883166524	0.0034778332045247
2010	0.0099601593625498	0.000591941625448936	0.00911653307495816	0.0117687464224385	0.0125804564072557	0.00955225987039411	0.00144031476146982
2010	0.0691504903595282	0.000688701314224243	0.081476261781027	0.0607899255867201	0.0586307782328847	0.0827478330412692	0.0470912667743975
2010	0.0677308024158758	0.000722851792615528	0.093939927772395	0.0677504293073841	0.0732007021650088	0.0896962141437426	0.0618457106723811
2010	0.0165550051734391	0.000421189233492513	0.00537302915528935	0.00920435031482542	0.0109420713867759	0.0125160243216861	0.00263472212463992
2010	0.0504453282641651	0.000603325118246031	0.0577820840306527	0.0455180309101317	0.0441193680514921	0.0525221400261094	0.0241516194758659
2010	0.00293046966577177	0.000836686720586478	0.0031709680260724	0.00606754436176302	0.0050906963136337	0.00393757277100215	0.00100119440736317
2010	0.00519062662207082	0.000984672126948712	0.00700255439090989	0.00854035489410418	0.00731421884142774	0.00643089842050172	0.000843111079884775
2010	0.0296295405092314	0.000478106697477987	0.0206112921694706	0.0198969662278191	0.0322995904037449	0.0226139932021593	0.00272254619546125
2010	0.28044508763909	0.000591941625448936	0.272439002906721	0.211929021179164	0.205207723815097	0.283241793783151	0.196725918639781
2010	0.0230037571886741	0.000597633371847484	0.0240905487536334	0.0216370921579851	0.0181392627267408	0.0209533442318322	0.00878240708213307
2010	0.0377007930314978	0.000369963515905586	0.0205672509468863	0.030452203777905	0.0385020479812756	0.0272242934597246	0.00258202768214712
2010	0.0133546916733411	0.00049518193667363	0.0110103056460847	0.00570120206067544	0.00953774136922177	0.0105589989062298	0.00437363872690227
2010	0.0109295346654796	0.00049518193667363	0.010261604862151	0.0168517458500286	0.0110005851375073	0.00837616286591318	0.00194969437223354
2010	0.00565984551870172	0.000358580023108491	0.00176164890337356	0.000366342301087579	0.000409596255119953	0.0161666294235949	0.0077285182322771
2010	0.0162335988229996	0.000660242582231506	0.0127719545494583	0.0136233543216943	0.0107080163838502	0.0140167240994037	0.00412773132860254
2010	0.0257365705426783	0.000535024161463462	0.0195543028274465	0.0272696050372066	0.0357519016968988	0.0206028673244969	0.00137005550481276
2010	0.0187154745985858	0.000517948922267819	0.00933673918787986	0.0148597595878649	0.0214745465184318	0.0145271501993484	0.00196725918639781
2010	0.0399196999749062	0.000517948922267819	0.039108605654893	0.0167372638809388	0.0212990052662376	0.0455243628494478	0.0346905079744256
2010	0.00935515917348724	0.000620400357441674	0.00568131771337972	0.00489982827704637	0.00514921006436513	0.00895009820409987	0.000720157380734912
2010	0.0652334578854556	0.000574866386253294	0.0591473619307672	0.0462965082999428	0.059918080748976	0.058651957613464	0.0104334996135741
2010	0.0158932862166519	0.000500873683072177	0.00872016207169911	0.0168517458500286	0.0293153891164424	0.011596316464182	0.000491814796599452
2010	0.00902687782089932	0.00044964796548525	0.00453624592618691	0.00702919290211792	0.00848449385605617	0.00646382913662719	0.000930935150706106
2010	0.0155512548597671	0.000500873683072177	0.0133004492204704	0.0073039496279336	0.00479812755997659	0.0121702518023687	0.00504110166514438
2010	0.0683856463705145	0.000483798443876535	0.0466836959393993	0.0331539782484259	0.0482738443534231	0.0587272278217507	0.00584908311670063
2010	0.00387406371064491	0.000574866386253294	0.00612172993922311	0.00487693188322839	0.00626097132826214	0.00348595152128148	0.00045668516827092
2010	0.00473343897919968	0.000660242582231506	0.00391966881000617	0.00407555809959931	0.00362785254534816	0.00507368247733073	0
2010	0.00358187611933629	0.000779769256601003	0.00312692680348806	0.00151116199198626	0.00280866003510825	0.00421983605207758	0.000403990725778121
2010	0.0298443843263701	0.000483798443876535	0.0192019730467718	0.0231711505437894	0.0265652428320655	0.0236513107601115	0.00179161104475515
2010	0.00289437590449247	0.000523640668666367	0.00299480313573505	0.00233543216943331	0.000877706260971328	0.00581227139614475	0.00152813883229115
2010	0.00708640846450265	0.000455339711883797	0.00726680172641593	0.00384659416141958	0.00362785254534816	0.00572759241182213	0.0011944073631701
2010	0.0249665703020532	0.000398422247898323	0.0153703866819343	0.0167372638809388	0.027735517846694	0.0170769285050631	0.00214290732804047
2010	0.0154326610727066	0.000597633371847484	0.00929269796529552	0.00741843159702347	0.0126974839087185	0.012454867277453	0.00235368509801166
2010	0.0215187567246115	0.000415497487093965	0.018321148595085	0.0135088723526045	0.0205383265067291	0.0146400555117786	0.00252933323965432
2010	0.00704859595268623	0.000927754662963237	0.0057694001585484	0.00302232398397252	0.0023990637799883	0.00817857856916038	0.00128223143399143
2010	0.0463443894826217	0.000517948922267819	0.0429842332423148	0.039107040641099	0.0626097132826214	0.0343608500829148	0.00433850909857374
2010	0.0186621933319354	0.00047241495107944	0.0129040782172113	0.0102804808242702	0.0231714452896431	0.0154068707587002	0.000825546265720509
2010	0.0316043848763703	0.000586249879050389	0.0266449396635251	0.0263537492844877	0.0392042129900527	0.0342197184423771	0.0123480643574791
2010	0.140464887645277	0.00049518193667363	0.0902404650753105	0.0857012020606754	0.124985371562317	0.0974090582991285	0.0124358884283004
2010	0.00988453433891698	0.000500873683072177	0.0065621421650665	0.005220377790498	0.00784084259801053	0.00724710974161149	0.000579638867420783
2010	0.0136382855119642	0.000461031458282345	0.0146216858980005	0.0189353176874642	0.0281451141018139	0.00987215825561292	0.000649898124077847
2010	0.0240006325001977	0.00044964796548525	0.0119792125429402	0.0238809387521465	0.0485078993563487	0.0168087783880414	0.00214290732804047
2010	0.0377575117992224	0.000500873683072177	0.0276578877829649	0.0259187178019462	0.0324166179052077	0.0311030613805027	0.00581395348837209
2010	0.0227236008511253	0.000432572726289608	0.0149299744560909	0.013028048082427	0.0161497952018724	0.017328613264022	0.00138762031897703
2010	0.0174556304548845	0.00044964796548525	0.0164714172465428	0.0143789353176875	0.0181977764774722	0.0135251155515307	0.00312653692123937
2010	0.0129971915616224	0.000722851792615528	0.00823570862327138	0.0164625071551231	0.0305441778818022	0.00977807049525445	0.000597203681585049
2010	0.0422262631957072	0.000557791147057652	0.0327666696027482	0.0440297653119634	0.0488004681100059	0.0313688593035154	0.00261715731047566
2010	0.0181018806568377	0.00049518193667363	0.0115388003170968	0.0110589582140813	0.0133411351667642	0.0153668834605478	0.000930935150706106
2010	0.017462505457033	0.000517948922267819	0.00986523385889192	0.0220034344590727	0.0395552954944412	0.0129676455714067	0.000281037026628258
2010	0.058947987171246	0.000597633371847484	0.0423676561261341	0.0223926731539782	0.0292568753657109	0.0825008526703283	0.00971334223283918
2010	0.00828094008779378	0.000461031458282345	0.00581344138113274	0.00650257584430452	0.00866003510825044	0.00592517670857492	0.00112414810651303
2010	0.0108143783794932	0.000677317821427148	0.010393728529904	0.00370921579851173	0.00596840257460503	0.00816681759911557	0.00196725918639781
2010	0.0163762551175797	0.000512257175869272	0.0117149652074342	0.00810532341156268	0.00889409011117613	0.0123584273230856	0.00112414810651303
2010	0.0310646972077179	0.00049518193667363	0.0233418479696996	0.0193703491700057	0.0246342890579286	0.0250461618074259	0.00374130541698869
2010	0.00470937647168015	0.000364271769507038	0.00264247335506034	0.00329708070978821	0.00444704505558806	0.00301316052548014	0.000720157380734912
2010	0.00311953222485382	0.0008992959309705	0.00286267946798203	0.00416714367487121	0.00526623756582797	0.00428569748432851	0.000421555539942387
2010	0.00521812663066457	0.000290279066325921	0.00343521536157844	0.00334287349742416	0.00672908133411352	0.00354240417749656	0.000210777769971194
2010	0.0207521939850606	0.00044964796548525	0.0175284065885669	0.0137149398969662	0.0203627852545348	0.0146424077057876	0.0012471018056629
2010	0.0347170420990757	0.000535024161463462	0.0292433717960011	0.0293989696622782	0.0403744880046811	0.0277041410375528	0.00219560177053327
2010	0.0522843913388723	0.000483798443876535	0.0373909979741038	0.0376645678305667	0.0562317144528964	0.0391922565773225	0.00412773132860254
2010	0.0181207869127459	0.000478106697477987	0.0083678322910244	0.0107384087006297	0.0151550614394383	0.0144730497371423	0.00107145366402023
2010	0.0059073455960455	0.000512257175869272	0.00413987492292786	0.00315970234688037	0.00596840257460503	0.00520070095381467	0.000281037026628258
2010	0.00900453406391689	0.000563482893456199	0.0124196247687836	0.00725815684029765	0.0130485664131071	0.00700248156467945	0.000632333309913581
2010	0.00738890855903392	0.000643167343035864	0.0081476261781027	0.00611333714939897	0.0102984201287303	0.00656026909099463	0.00135249069064849
2010	0.00997390936684668	0.000517948922267819	0.0122434598784462	0.00386949055523755	0.00175541252194266	0.00851964670045985	0.000632333309913581
2010	0.00404937626543008	0.00040411399429687	0.00378754514225315	0.00187750429307384	0.00462258630778233	0.00302256930151599	0.000368861097449589
2010	0.00518375161992238	0.000512257175869272	0.00510878181978332	0.00508299942759015	0.00415447630193095	0.00410457854563844	0.000790416637391976
2010	0.0146351608234878	0.000506565429470725	0.0105698934202413	0.00870062965082999	0.00994733762434172	0.0141178684417891	0.000790416637391976
2010	0.0274570398303249	0.000580558132651842	0.0232097243019466	0.0235603892386949	0.0283791691047396	0.0232961294647583	0.00194969437223354
2010	0.00574062679394587	0.000295970812724468	0.00321500924865674	0.00734974241556955	0.0117612638970158	0.00363649193785503	0.0000526944424927984
2010	0.0105204720376475	0.000523640668666367	0.0108781819783317	0.0086090440755581	0.0102984201287303	0.0083808672539311	0.000158083327478395
2010	0.00272937585292995	0.000387038755101228	0.00251034968730732	0.00357183743560389	0.00550029256875366	0.00287202888494243	0
2010	0.0609228315383849	0.00047241495107944	0.0464194486038932	0.0363823697767602	0.0470450555880632	0.0468251261364037	0.00493571278015879
2010	0.0143515669848647	0.000597633371847484	0.00550515282304237	0.015684029765312	0.0289643066120538	0.0119420889834994	0.000281037026628258
