2011	0.0110292221966319	0.000563482893456199	0.00867612084911477	0.00524327418431597	0.0126974839087185	0.0105025462500147	0.00191456474390501
2011	0.0121567225489758	0.000546407654260557	0.0165154584691271	0.0114024041213509	0.0186073727325922	0.0112576005268915	0.00486545352350172
2011	0.0130796915874036	0.000500873683072177	0.0125077072139523	0.0118145392100744	0.0217671152720889	0.01307349430181	0.00221316658469753
2011	0.00443781388681684	0.000438264472688155	0.0059896062714701	0.00256439610761305	0.0050906963136337	0.00446446422900961	0.000263472212463992
2011	0.0273831335572292	0.000506565429470725	0.0242667136439708	0.0242472810532341	0.0324751316559391	0.0236395497900667	0.00137005550481276
2011	0.00606718939599669	0.000648859089434411	0.00827974984585572	0.00966227819118489	0.0203042715038034	0.00629917555599986	0.000158083327478395
2011	0.0169400052937517	0.000637475596637316	0.0202149211662116	0.0199198626216371	0.0375073142188414	0.015665612099686	0.00175648141642661
2011	0.0705839283074776	0.000683009567825696	0.0658416277635867	0.0413966800228964	0.0479812755997659	0.0782269161560445	0.0223600084311108
2011	0.012301097594093	0.000523640668666367	0.0112745529815908	0.00920435031482542	0.011644236395553	0.0110952991402731	0.00240637954050446
2011	0.0322179788181184	0.000506565429470725	0.0220206112921695	0.0325586720091586	0.0462843768285547	0.0251802368659367	0.00419799058525961
2011	0.0174281304462908	0.000455339711883797	0.0162512111336211	0.00684602175157413	0.0098888238736103	0.0173638961741564	0.00396964800112415
2011	0.00394281373212929	0.000728543539014076	0.00616577116180745	0.00572409845449342	0.00977179637214745	0.00465263974972656	0.000403990725778121
2011	0.00779968993740311	0.000631783850238769	0.0039637100325905	0.00538065254722381	0.00895260386190755	0.00754583838074964	0.000702592566570646
2011	0.0115895348717296	0.000586249879050389	0.00845591473619308	0.0129822552947911	0.0184903452311293	0.0106836651887048	0.00131736106231996
2011	0.0462842332138229	0.000557791147057652	0.0396811415484894	0.0462507155123068	0.0556465769455822	0.0443694355910475	0.00795686081641256
2011	0.00739922106225658	0.00049518193667363	0.00885228573945213	0.00515168860904408	0.0115272088940901	0.00636738918225975	0.00286306470877538
2011	0.00734078354399486	0.000683009567825696	0.0103496873073197	0.00714367487120778	0.00871854885898186	0.006783727521846	0.0012471018056629
2011	0.0243907888721215	0.000415497487093965	0.0182771073725007	0.00767029192902118	0.00678759508484494	0.0293200983217096	0.00242394435466873
2011	0.0592659560206113	0.000614708611043126	0.059896062714701	0.0477618775042931	0.0648332358104154	0.0592000188175521	0.00423312021358814
2011	0.00213468816709005	0.00049518193667363	0.00162952523562054	0.00171722953634803	0.003744880046811	0.0025780046338222	0.0000702592566570646
2011	0.00587640808637753	0.00040411399429687	0.00559323526821105	0.00489982827704637	0.00356933879461673	0.00554647347313206	0.000193212955806928
2011	0.016553286422902	0.000609016864644579	0.0100413987492293	0.00838008013737836	0.0166764189584552	0.0163877356604373	0.00186187030141221
2011	0.00903375282304776	0.000631783850238769	0.00638597727472915	0.0116542644533486	0.0120538326506729	0.00842320674609242	0.000860675894049041
2011	0.0435548573608929	0.000586249879050389	0.0799348189905752	0.0306353749284488	0.0413107080163838	0.0453667658508474	0.0348837209302326
2011	0.0234265698208031	0.000432572726289608	0.0224610235180129	0.0216828849456211	0.0331772966647162	0.0194338269020429	0.00507623129347291
2011	0.0102351594484873	0.000933446409361784	0.0145776446754162	0.0116084716657127	0.0196021064950263	0.0113375751231962	0.000281037026628258
2011	0.00551718922412163	0.000609016864644579	0.00462432837135559	0.00739553520320549	0.0101813926272674	0.00569936608371458	0
2011	0.00529203290376028	0.000580558132651842	0.00277459702281335	0.00835718374356039	0.0124049151550614	0.00413986145577287	0.00115927773484157
2011	0.00325187601621125	0.000631783850238769	0.000440412225843389	0.00270177447052089	0.00362785254534816	0.00332600232867207	0.000702592566570646
2011	0.0627395508561096	0.000563482893456199	0.0447458821456884	0.0495020034344591	0.0684610883557636	0.0569183906288591	0.0066921941965854
2011	0.00686468964521551	0.000483798443876535	0.005196864264952	0.00386949055523755	0.00473961380924517	0.00626624483987439	0.0000878240708213307
2011	0.00313843848076203	0.000535024161463462	0.00356733902933145	0.00180881511161992	0.00450555880631948	0.00338010279087819	0
2011	0.0084287526339852	0.000609016864644579	0.00581344138113274	0.00647967945048655	0.0106495026331188	0.00737412821809543	0
2011	0.20848272140085	0.000466723204680892	0.183563815731525	0.104567830566686	0.146986541837332	0.201453655897538	0.0365172486475093
2011	0.00831015884692464	0.000597633371847484	0.0100854399718136	0.0065254722381225	0.0144528964306612	0.00817387418114246	0.000175648141642661
2011	0.0254134454417017	0.000535024161463462	0.0180128600369946	0.0240183171150544	0.0451726155646577	0.0193867830218636	0.000632333309913581
2011	0.0346500108281284	0.000466723204680892	0.0247952083149828	0.0218202633085289	0.0318899941486249	0.0275183177108448	0.00398721281528841
2011	0.00360937612793004	0.000364271769507038	0.0041839161455122	0.00249570692615913	0.00456407255705091	0.00321780140425982	0.000386425911613855
2011	0.00380187618808631	0.000813919734992288	0.00436008103584956	0.00734974241556955	0.00661205383265067	0.00513248732755478	0.00142274994730556
2011	0.00964562801425875	0.000569174639854747	0.00770721395225931	0.00945621064682313	0.0182562902282036	0.00905124254648523	0.00054450923909225
2011	0.013713910535597	0.000603325118246031	0.0266889808861094	0.0190726960503721	0.0317144528964307	0.0153857010126195	0.00382912948781002
2011	0.024084851276516	0.000517948922267819	0.0213599929534044	0.0160045792787636	0.0216500877706261	0.021459065943759	0.00395208318695988
2011	0.0157489111715347	0.000591941625448936	0.0104818109750727	0.0107613050944476	0.0135751901696899	0.0146635774518682	0.00247663879716153
2011	0.00626656445830139	0.000512257175869272	0.00422795736809654	0.00489982827704637	0.00661205383265067	0.00575581873992967	0.000105388884985597
2011	0.0232598510187034	0.000597633371847484	0.0164714172465428	0.0309330280480824	0.0496781743709772	0.0188951744739906	0.00191456474390501
2011	0.00435359511049847	0.000529332415064914	0.00590152382630142	0.00306811677160847	0.00737273259215916	0.00513954390958166	0.000702592566570646
2011	0.0637776761805238	0.000580558132651842	0.0719193164802255	0.0464796794504865	0.0569923932124049	0.0654027544191845	0.0580692756270639
2011	0.0169571927991228	0.000762694017405361	0.0192900554919405	0.0160274756725816	0.0277940315974254	0.0154844931609959	0.00184430548724794
2011	0.0109931284353526	0.000688701314224243	0.00471241081652427	0.00611333714939897	0.00743124634289058	0.0105966340103732	0.000614768495749315
2011	0.010511878284962	0.000614708611043126	0.0158988813529464	0.0142644533485976	0.0214745465184318	0.0100485728062851	0.00137005550481276
2011	0.0307243846013702	0.000523640668666367	0.0294635779089228	0.0245449341728678	0.0456407255705091	0.0243993084549614	0.00214290732804047
2011	0.00901828406821377	0.000506565429470725	0.00955694530080155	0.00968517458500286	0.0157987126974839	0.00885365824973244	0.000667462938242113
2011	0.00207453189829122	0.000660242582231506	0.00202589623887959	0.00123640526617058	0.00245757753071972	0.00267914897620756	0.000579638867420783
2011	0.0304940720293975	0.000546407654260557	0.0206112921694706	0.0250486548368632	0.0317729666471621	0.025100262269632	0.0034778332045247
2011	0.00823797132436604	0.000455339711883797	0.00805954373293403	0.00567830566685747	0.01234640140433	0.00682841920801628	0.000439120354106654
2011	0.516546411420754	0.000557791147057652	0.476790275698053	0.34813966800229	0.462902282036279	0.436875345478495	0.0930232558139535
2011	0.0292548528921415	0.000517948922267819	0.0290672069056637	0.0210875787063537	0.0252779403159743	0.0312512496030673	0.00533970350593691
2011	0.0148173483804214	0.00042688097989106	0.0166916233594645	0.0158672009158558	0.0296079578700995	0.0114740023757159	0.0010363240356917
2011	0.105321595412999	0.000609016864644579	0.114375055051528	0.073886662850601	0.0859566998244587	0.0985545767814929	0.0134546476498279
2011	0.00876906524033289	0.000654550835832959	0.00968906896855457	0.0100057240984545	0.018724400234055	0.00925117903724699	0.00154570364645542
2011	0.0202211000690938	0.000614708611043126	0.0177926539240729	0.0134630795649685	0.0184903452311293	0.0168793442083103	0.00107145366402023
2011	0.00732015853754954	0.000757002271006813	0.0057694001585484	0.00647967945048655	0.00795787009947338	0.00794571136227316	0.00170378697393382
2011	0.0364821989006872	0.000546407654260557	0.0428521095745618	0.0363365769891242	0.0596840257460503	0.0314370729297752	0.00381156467364575
2011	0.00863500269843834	0.000665934328630054	0.00550515282304237	0.00625071551230681	0.0124634289057929	0.00799981182447928	0.000281037026628258
2011	0.00352515735161167	0.000563482893456199	0.00506474059719898	0.00290784201488266	0.00345231129315389	0.00358239147564891	0.0000878240708213307
2011	0.00627687696152405	0.000620400357441674	0.00453624592618691	0.00874642243846594	0.0167349327091867	0.00596281181271831	0.0000351296283285323
2011	0.0146506295783217	0.000648859089434411	0.0130362018849643	0.0204922724670864	0.0385020479812756	0.0121067425641267	0.00115927773484157
2011	0.00723078350961985	0.000683009567825696	0.0067823482779882	0.00444190040068689	0.00813341135166764	0.00736707163606854	0.000263472212463992
2011	0.0154979735931167	0.000569174639854747	0.0110983880912534	0.0134172867773326	0.0198946752486834	0.0137274042363014	0.00196725918639781
2011	0.00481250150390672	0.000574866386253294	0.00559323526821105	0.00393817973669147	0.00795787009947338	0.00459853928752043	0.000614768495749315
2011	0.0176481305150408	0.000438264472688155	0.0176605302563199	0.0186605609616485	0.0330017554125219	0.0141131640537712	0.00272254619546125
2011	0.00432953260297894	0.000261820334333183	0.00145336034528318	0.000457927876359473	0.000292568753657109	0.00287908546696932	0.000913370336541839
2011	0.0521709538034231	0.00049518193667363	0.0607768871663877	0.0325128792215226	0.0598010532475132	0.0626177567125736	0.00850137005550481
2011	0.00690765840864325	0.000728543539014076	0.00907249185237382	0.0065254722381225	0.00860152135751902	0.00689663283427617	0.0010363240356917
2011	0.0110515659536144	0.000620400357441674	0.0137849026688981	0.00563251287922152	0.00848449385605617	0.0112717136909452	0.00077285182322771
2011	0.0200371937616231	0.000489490190275082	0.0132123667753017	0.0101659988551803	0.0128145114101814	0.0161972079457114	0.00388182393030282
2011	0.006213283191651	0.000529332415064914	0.0033911741389941	0.00574699484831139	0.00971328262141603	0.00684958895409693	0.002178036956369
2011	0.00995500311093847	0.000552099400659104	0.0108341407557474	0.0110360618202633	0.0109420713867759	0.00908887765062862	0.000614768495749315
2011	0.0453853266829146	0.00047241495107944	0.0407381308905135	0.026056096164854	0.0420713867758923	0.0356710221459066	0.00690297196655659
2011	0.00955109673471773	0.000540715907862009	0.00612172993922311	0.0107842014882656	0.0223522527794032	0.0097192656450304	0.00100119440736317
2011	0.00513734535542042	0.000557791147057652	0.00620981238439179	0.00361763022323984	0.00731421884142774	0.00564761781551742	0.000597203681585049
2011	0.0161321925413102	0.000694393060622791	0.0142253148947415	0.015684029765312	0.0200117027501463	0.0184600185823327	0.0114522588351015
2011	0.00240109450034203	0.000904987677369047	0.00352329780674712	0.0042587292501431	0.00947922761849035	0.00343655544709328	0.000351296283285323
2011	0.0129834415573255	0.000574866386253294	0.018056901259579	0.00810532341156268	0.00983031012287888	0.0117962529549437	0.0023888147263402
2011	0.00557390799184625	0.000506565429470725	0.00625385360697613	0.00487693188322839	0.00895260386190755	0.00547355545885425	0.00045668516827092
2011	0.00615656442392638	0.000563482893456199	0.00383158636483749	0.00441900400686892	0.0115272088940901	0.00591576793253908	0.000368861097449589
2011	0.0161785988058121	0.000569174639854747	0.0167797058046331	0.0171036061820263	0.0269163253364541	0.01418372987404	0.000983629593198904
2011	0.00661890831840885	0.000563482893456199	0.00594556504888576	0.00840297653119634	0.013867758923347	0.00720477024945018	0.000526944424927984
2011	0.0194923498413593	0.000478106697477987	0.015458469127103	0.0158214081282198	0.0289057928613224	0.0161266421254425	0.00186187030141221
2011	0.0264412582628932	0.000563482893456199	0.0403417598872545	0.0197366914710933	0.034113516676419	0.0247192068401802	0.00403990725778121
2011	0.0034753135860355	0.00047241495107944	0.00797146128776535	0.0042587292501431	0.00655354008191925	0.00344596422312912	0.000193212955806928
2011	0.0135626604883314	0.000688701314224243	0.0162952523562054	0.0128906697195192	0.0177881802223523	0.012518376515695	0.00400477762945268
2011	0.0320100100031281	0.000631783850238769	0.0270853518893684	0.0129822552947911	0.0122878876535986	0.0413703882296212	0.00655167568327127
2011	0.00676672086460027	0.000421189233492513	0.01065797586541	0.0047853463079565	0.00713867758923347	0.00556529102520376	0.0011417129206773
2011	0.00150218796943374	0.000802536242195193	0.00140931912269885	0.00476244991413852	0.00977179637214745	0.00227692380067508	0
2011	0.00784265870083084	0.000694393060622791	0.010261604862151	0.00494562106468231	0.00421299005266238	0.00890775871193856	0.00117684254900583
2011	0.0173129741603044	0.000580558132651842	0.0126398308817053	0.0185231825987407	0.0319485078993563	0.0148258788384866	0.00117684254900583
2011	0.0449075140335981	0.000461031458282345	0.039637100325905	0.0419919862621637	0.0553540081919251	0.0327307796347043	0.00349539801868896
2011	0.00653984579370181	0.000648859089434411	0.00911653307495816	0.00957069261591299	0.0174370977179637	0.0063767979582956	0.000140518513314129
2011	0.0436957949049359	0.000438264472688155	0.0358055139610676	0.0325586720091586	0.0608543007606788	0.0335375821797782	0.0034778332045247
2011	0	0.00106435657652838	0.00400775125517484	0.00201488265598168	0.00198946752486834	0.00153127829983417	0
2011	0.00979344056045017	0.000603325118246031	0.00849995595877742	0.0118145392100744	0.0225277940315974	0.00951932915426864	0.000298601840792524
2011	0.0127703164907239	0.000500873683072177	0.0199506738307055	0.00906697195191757	0.0118782913984786	0.0189022310560175	0.00100119440736317
2011	0.0114004723126476	0.000483798443876535	0.00625385360697613	0.00622781911848884	0.00784084259801053	0.00803979912263163	0.000474249982435186
2011	0.02896438405137	0.000535024161463462	0.0238263014181274	0.019988551803091	0.0377413692217671	0.0307996283533466	0.00265228693880419
2011	0.0244990701559594	0.000574866386253294	0.0271293931119528	0.0187979393245564	0.021357519016969	0.0251049666576499	0.0054450923909225
2011	0.0101337531667979	0.000506565429470725	0.0122434598784462	0.00780767029192902	0.0061439438267993	0.00973573100309313	0.00045668516827092
2011	0.00936375292617279	0.000563482893456199	0.0162512111336211	0.00799084144247281	0.0141018139262727	0.00977101391322756	0.0010890184781845
2011	0.0152229735071792	0.000523640668666367	0.0152382630141813	0.0107155123068117	0.0142773551784669	0.0131017206299176	0.0011944073631701
2011	0.00668422083881901	0.000603325118246031	0.0100854399718136	0.006960503720664	0.0126389701579871	0.00716713514530678	0.000790416637391976
2011	0.00923484663588957	0.000364271769507038	0.0067823482779882	0.00451058958214081	0.00719719133996489	0.00741646771025674	0.00138762031897703
2011	0.00454437642011763	0.000512257175869272	0.00211397868404827	0.00281625643961076	0.00667056758338209	0.00573229679984005	0.00194969437223354
2011	0.00806437752011798	0.000517948922267819	0.010129481194398	0.0101202060675444	0.0153306026916325	0.00821621367330377	0.00068502775240638
2011	0.0724178351305735	0.000546407654260557	0.0744737073901171	0.0351001717229536	0.049093036863663	0.0824655697601938	0.0153165179512401
2011	0.00647109577221743	0.00044964796548525	0.0128159957720426	0.004350314825415	0.00473961380924517	0.00698601620661672	0.00110658329234877
2011	0.013320316662599	0.000466723204680892	0.013388531665639	0.0169204350314825	0.0269163253364541	0.0108718407094217	0.000667462938242113
2011	0.00724281476337961	0.000660242582231506	0.00673830705540386	0.00886090440755581	0.016091281451141	0.00718124830936056	0.0000878240708213307
2011	0.0213486004214376	0.000609016864644579	0.0182330661499163	0.0231024613623354	0.035225277940316	0.022388182577299	0.00196725918639781
2011	0.00303703219907256	0.000757002271006813	0.00202589623887959	0.00302232398397252	0.00415447630193095	0.00411398732167429	0.000210777769971194
2011	0.0156440673887711	0.000535024161463462	0.0121553774332775	0.00769318832283915	0.0159742539496782	0.0142895786044433	0.00368861097449589
2011	0.0174092241903826	0.000580558132651842	0.0204791685017176	0.0140354894104179	0.0194850789935635	0.0153504181024851	0.000649898124077847
2011	0.0686245526951727	0.000540715907862009	0.0726239760415749	0.0440068689181454	0.0571094207138678	0.0670116551213144	0.00959038853368931
2011	0.0332561041425325	0.000546407654260557	0.0347925658416278	0.0206983400114482	0.0186073727325922	0.0328507415291613	0.0033724443195391
2011	0.0653039266574771	0.000563482893456199	0.0442614286972606	0.0538294218660561	0.0596255119953189	0.0573911816246604	0.0220262769619897
2011	0.0373312616660193	0.000517948922267819	0.0283185061217299	0.0161877504293074	0.0184318314803979	0.0684088583626378	0.00614768495749315
2011	0.0301142281606963	0.000506565429470725	0.0312692680348806	0.0172180881511162	0.023581041544763	0.0267420936878874	0.00254689805381859
2011	0.048075171273491	0.000432572726289608	0.0258081564344226	0.0240412135088724	0.0311878291398479	0.0349888858833077	0.00289819433710391
2011	0.0263587582371119	0.000660242582231506	0.0184973134854224	0.0236519748139668	0.0292568753657109	0.0255260093852541	0.00214290732804047
2011	0.230876322148851	0.000597633371847484	0.228662027657888	0.179782484258729	0.226389701579871	0.246841591494466	0.0458090353404061
2011	0.0184060995019061	0.000517948922267819	0.0223729410728442	0.0115626788780767	0.0124634289057929	0.0153598268785209	0.00275767582378978
2011	0.0249253202891626	0.000540715907862009	0.0229454769664406	0.0177218088151116	0.0221767115272089	0.023559575193762	0.00381156467364575
2011	0.0928039352512298	0.000540715907862009	0.0718312340350568	0.0717572982255295	0.0967232299590404	0.0836369623766568	0.011680601419237
2011	0.124707382721057	0.000603325118246031	0.116533074958161	0.0804121350887235	0.0829724985371562	0.118494125395463	0.0156151197920326
2011	0.0264928207790065	0.000517948922267819	0.0344842772835374	0.0168975386376646	0.0260971328262142	0.0258717819045715	0.00386425911613855
2011	0.0712576785180245	0.000500873683072177	0.0677354003347133	0.0437092157985117	0.0517846693973084	0.0568031331224199	0.00700836085154219
2011	0.0233732885541527	0.000557791147057652	0.0228573945212719	0.0184087006296508	0.0232299590403745	0.0198195867195126	0.00286306470877538
2011	0.0294404779501494	0.000461031458282345	0.0210076631727297	0.0137378362907842	0.0176711527208894	0.0239194608771331	0.00403990725778121
2011	0.921984194370061	0.000586249879050389	0.686250330309169	0.556428162564396	0.676711527208894	0.785416397144436	0.322612941755076
2011	0.0342443857013705	0.000552099400659104	0.0286267946798203	0.016531196336577	0.0245757753071972	0.0295741352746775	0.00296845359376098
2011	0.0247620389881372	0.000512257175869272	0.0222848586276755	0.0160045792787636	0.0227618490345231	0.023434908911287	0.00381156467364575
2011	0.106290970715928	0.000563482893456199	0.100237822601955	0.0348712077847739	0.0301930953774137	0.118402389829113	0.0254865453523502
2011	0.0530509540784231	0.000483798443876535	0.0347925658416278	0.0384201488265598	0.0461088355763604	0.0419654933138885	0.00676245345324247
2011	0.0921456537955168	0.000557791147057652	0.0773804280806835	0.0561877504293074	0.0668227033352838	0.0927234878332765	0.0126291013841074
2011	0.0185057870330584	0.000500873683072177	0.0240024663084647	0.0137607326846022	0.0179637214745465	0.0156091594434709	0.00135249069064849
2011	0.790145715670536	0.000609016864644579	0.826873954020964	0.4919748139668	0.528028086600351	0.776433368224211	0.174541558350313
2011	0.026736883355276	0.000529332415064914	0.0236060953052057	0.0133257012020607	0.0143943826799298	0.0259446999188493	0.00389938874446708
2011	0.0193067247833515	0.000552099400659104	0.0148418920109222	0.0144476244991414	0.0170860152135752	0.0182506733155351	0.00251176842549006
2011	0.0578720493350154	0.000620400357441674	0.047036025720074	0.0284602175157413	0.017612638970158	0.0563773860067978	0.00774608304644137
2011	0.106187845683702	0.000489490190275082	0.0811239320003523	0.0538294218660561	0.065184318314804	0.121399084996531	0.0360956931075669
2011	0.0260167268802271	0.000574866386253294	0.0245309609794768	0.0174470520892959	0.0301345816266823	0.0219859574017665	0.00173891660226235
2011	0.55857673705523	0.000597633371847484	0.513696820223729	0.320457927876359	0.409011117612639	0.518197748950333	0.0765825897562004
2011	0.0509592346747608	0.000478106697477987	0.0514401479785079	0.0196222095020034	0.0195435927442949	0.045453797029179	0.00403990725778121
2011	0.0187618808630878	0.000643167343035864	0.0266008984409407	0.0129135661133372	0.0145114101813926	0.022940948169405	0.00221316658469753
2011	0.0094909404659189	0.000574866386253294	0.00929269796529552	0.00558672009158557	0.0100643651258046	0.00797628988438966	0.00054450923909225
2011	0.01776156805049	0.000517948922267819	0.0224610235180129	0.00737263880938752	0.00737273259215916	0.0175332541428017	0.00268741656713272
2011	0.0276117273786648	0.000535024161463462	0.0242226724213864	0.0253234115626789	0.0339964891749561	0.0253778211626895	0.0022834258413546
2011	0.0184164120051288	0.00049518193667363	0.0173522416982295	0.00908986834573555	0.00906963136337039	0.0167640867018712	0.00201995362889061
2011	0.0197398499187031	0.00105297308373128	0.0320620100413987	0.0161648540354894	0.0142188414277355	0.0221247368482952	0.00389938874446708
2011	0.0376543867669959	0.000535024161463462	0.0388003170968026	0.0275672581568403	0.0345231129315389	0.0356145694896915	0.00375887023115295
2011	0.0214431317009787	0.000517948922267819	0.0276138465603805	0.0154550658271322	0.0214160327677004	0.01819422065932	0.00293332396543245
2011	0.0480648587702684	0.00047241495107944	0.0283625473443143	0.0289868345735547	0.0429490930368637	0.0380232161548685	0.00498840722265158
2011	0.0373295429154822	0.000569174639854747	0.0327226283801638	0.0164625071551231	0.0215330602691633	0.0385406988368401	0.00370617578866016
2011	0.160825206507877	0.000517948922267819	0.0947326697789131	0.0727189467658844	0.0692802808660035	0.133190633563456	0.0195496381648282
2011	0.0407395439811075	0.000546407654260557	0.0275698053377962	0.0459759587864911	0.0628437682855471	0.0341138697119738	0.00256446286798286
2011	0.107487221089757	0.000540715907862009	0.10261604862151	0.0733600457927876	0.0824458747805734	0.103983440554177	0.0147544438979836
2011	0.0297670405522002	0.000535024161463462	0.028847000792742	0.0146765884373211	0.0105324751316559	0.0255589401013796	0.0032670554345535
2011	0.197240374137617	0.000540715907862009	0.152955166035409	0.136187750429307	0.153832650672908	0.18787914427182	0.100066746293824
2011	0.305939314356036	0.000569174639854747	0.279221351184709	0.179668002289639	0.225277940315974	0.293967798464017	0.0382912948781002
2011	0.0240882887775902	0.000574866386253294	0.0192900554919405	0.0170349170005724	0.0204212990052662	0.0245404400954991	0.00286306470877538
2011	0.168391146372233	0.000523640668666367	0.125825772923456	0.106788780767029	0.130602691632534	0.138132593176285	0.0379399985948149
2011	0.0413789191809122	0.000489490190275082	0.0322822161543204	0.0319404693760733	0.0318314803978935	0.0349912380773166	0.00579638867420783
2011	0.110063628144884	0.000563482893456199	0.0990046683695939	0.057378362907842	0.0469280280866003	0.108669011020029	0.0140694161455772
2011	0.0152418797630874	0.000529332415064914	0.00827974984585572	0.0106010303377218	0.018314803978935	0.0125607160078563	0.000632333309913581
2011	0.0256317267599146	0.000569174639854747	0.031181185589712	0.011310818546079	0.0143358689291984	0.0241476236960024	0.00240637954050446
2011	0.0697606468002021	0.00049518193667363	0.0460230776006342	0.0455180309101317	0.0585722644821533	0.0585296435249979	0.00895805522377573
2011	0.00926578414555755	0.00049518193667363	0.00669426583281952	0.00460217515741271	0.00719719133996489	0.0073082667858445	0.000421555539942387
2011	0.382886057151893	0.000489490190275082	0.302959570157668	0.206868918145392	0.272381509654769	0.355221282651393	0.0767406730836788
2011	0.00941187794121186	0.000421189233492513	0.0075750902845063	0.00769318832283915	0.0135751901696899	0.00821621367330377	0.00193212955806928
2011	0.0211543816107443	0.000563482893456199	0.0278340526733022	0.0231940469376073	0.0272674078408426	0.019737259929199	0.0021253425138762
2011	0.0575540804856502	0.000506565429470725	0.0526733022108694	0.0335432169433314	0.0382094792276185	0.0511766850529832	0.00365348134616736
2011	0.00686640839575262	0.000506565429470725	0.00347925658416278	0.00744132799084144	0.00678759508484494	0.00686605431215967	0.000667462938242113
2011	0.0296192280060088	0.000352888276709943	0.0227252708535189	0.0129364625071551	0.0185488589818607	0.021028614440119	0.00198482400056207
2011	0.0116789098996593	0.000540715907862009	0.0137408614463137	0.00943331425300515	0.0164423639555295	0.011285826854999	0.0010363240356917
2011	0.0223196944749045	0.000557791147057652	0.0250154144279045	0.0184544934172868	0.0222352252779403	0.0215602102861444	0.00265228693880419
2011	0.0318106349408234	0.000557791147057652	0.036378049854664	0.0316199198626216	0.0427735517846694	0.0320227692380068	0.00447902761188787
2011	0.0172562553925798	0.000591941625448936	0.0120672949881089	0.0224384659416142	0.0217086015213575	0.0168605266562386	0.00200238881472634
2011	0.104792220247569	0.000529332415064914	0.0804633136615873	0.053943903835146	0.0784084259801053	0.11501052606819	0.0130155272957212
2011	0.0267179770993678	0.000552099400659104	0.0200827974984586	0.0212249570692616	0.0177296664716208	0.0241852588001458	0.00149300920396262
2011	0.020900006531252	0.000574866386253294	0.0214040341759887	0.00957069261591299	0.0117612638970158	0.0210239100521011	0.000562074053256517
2011	0.082185494432967	0.000517948922267819	0.0776446754161896	0.047807670291929	0.0729081334113517	0.0705352417467393	0.00785147193142697
2011	0.0470628272071335	0.000557791147057652	0.047432396723333	0.0360618202633085	0.047162083089526	0.0440824679219542	0.0088175367104616
2011	0.0399695437404824	0.000478106697477987	0.0364661322998326	0.0201488265598168	0.0250438853130486	0.0353793500887953	0.00412773132860254
2011	0.0498643905826221	0.000626092103840221	0.0446137584779353	0.0598053806525472	0.0974253949678174	0.0450892069577899	0.00210777769971194
2011	0.0365234489135778	0.000500873683072177	0.0247952083149828	0.0208128219805381	0.025804564072557	0.0363155233043621	0.00268741656713272
2011	0.0304751657734893	0.000580558132651842	0.0226371884083502	0.0179507727532914	0.0217086015213575	0.0321544921025086	0.00372374060282442
2011	0.256602580188306	0.000535024161463462	0.206465251475381	0.146742987979393	0.174605032182563	0.227871146812189	0.0230801658118457
2011	0.379366056051892	0.000552099400659104	0.288381925482251	0.20169433314253	0.242188414277355	0.334251473061498	0.0583151830253636
2011	0.147760983675307	0.000529332415064914	0.0946445873337444	0.0932341156267888	0.102925687536571	0.113248732755478	0.0134546476498279
2011	0.0609915815598692	0.000563482893456199	0.0486655509556945	0.0302232398397252	0.0300760678759508	0.0502311030613805	0.00546265720508677
2011	0.0292514153910673	0.000626092103840221	0.0352329780674712	0.014813966800229	0.0155061439438268	0.0324108812494855	0.0055504812759081
2011	0.0182273494460467	0.000540715907862009	0.0120232537655245	0.00794504865483686	0.00807489760093622	0.0167923130299787	0.0022307313988618
2011	0.00778422118256912	0.000489490190275082	0.0111864705364221	0.00835718374356039	0.0103569338794617	0.00768226563326943	0.000509379610763718
2011	0.128058946268421	0.000603325118246031	0.131154760856161	0.0662163709215799	0.0792276184903452	0.138090253684124	0.0249771657415865
2011	0.0419512631097697	0.000483798443876535	0.0314894741478023	0.0235374928448769	0.0304271503803394	0.0350218165994331	0.00381156467364575
2011	0.0716873661523019	0.000603325118246031	0.0655333392054963	0.040892959358901	0.0421884142773552	0.0673927105507662	0.00704349047987072
2011	0.0246864139645044	0.00047241495107944	0.0240905487536334	0.0192329708070979	0.0228203627852545	0.0209980359180025	0.00305627766458231
2011	0.0823350257296955	0.000506565429470725	0.0587950321500925	0.0427933600457928	0.0610883557636044	0.100130546767497	0.0104861940560669
2011	0.0144426607633315	0.000489490190275082	0.0174843653659826	0.00725815684029765	0.0093622001170275	0.0132687264045538	0.00145787957563409
2011	0.0647195514748598	0.000512257175869272	0.0544349511142429	0.0494104178591872	0.0598595669982446	0.0596257659331742	0.0158258975620038
2011	0.897873561835488	0.000512257175869272	0.618206641416366	0.37039496279336	0.415038033937975	0.709870982158608	0.134651865383264
2011	0.0481782963057176	0.000432572726289608	0.0344842772835374	0.0233543216943331	0.0234055002925688	0.0329565902595646	0.0034778332045247
2011	0.119319099787219	0.000478106697477987	0.086805249713732	0.0600801373783629	0.0671737858396723	0.0878332764886448	0.0176350734209232
2011	0.033042979075931	0.000500873683072177	0.0264687747731877	0.0141957641671437	0.0210649502633119	0.0239453350112317	0.00349539801868896
2011	0.262975707179908	0.000569174639854747	0.232361490354972	0.180057240984545	0.175892334698654	0.250908534935961	0.270515702943863
2011	0.0876476836399011	0.000478106697477987	0.0590152382630142	0.0435718374356039	0.056582796957285	0.0650099380196879	0.00786903674559123
2011	0.040999075312211	0.000540715907862009	0.0346164009512904	0.0290326273611906	0.0289057928613224	0.0320415867900784	0.00416286095693108
2011	0.393901529344228	0.000643167343035864	0.291332687395402	0.260858614768174	0.171386775892335	0.370628153410093	0.107602051570294
2011	0.123203476001086	0.000512257175869272	0.0936316392143046	0.0419232970807098	0.0482738443534231	0.111508109188846	0.0153340827654043
2011	0.0990894059654394	0.00047241495107944	0.0593675680436889	0.0447853463079565	0.0571679344645992	0.0765262798875651	0.00865945338298321
2011	0.00233234447885765	0.000569174639854747	0.0015854840130362	0.00116771608471666	0.0023990637799883	0.00219930139837934	0.000439120354106654
2011	0.043587513621098	0.000489490190275082	0.0324143398220735	0.0317115054378935	0.0267992978349912	0.0323120891011091	0.00950256446286798
2011	0.0951465922333101	0.000483798443876535	0.0691447194574121	0.0257355466514024	0.0294324166179052	0.144497630164536	0.0250474249982435
2011	0.312736972730304	0.000614708611043126	0.289923368272703	0.15107040641099	0.0822118197776477	0.321206205087796	0.0929354317431322
2011	0.0258689143340357	0.00049518193667363	0.0212278692856514	0.00870062965082999	0.0098888238736103	0.024298164112576	0.00209021288554767
2011	0.0548951734047417	0.000466723204680892	0.044701840923104	0.0210646823125358	0.0245757753071972	0.0395074505745234	0.0088702311529544
2011	0.024932195291311	0.000466723204680892	0.0145776446754162	0.0145850028620492	0.0211234640140433	0.0258811906806073	0.00261715731047566
2011	0.0431922009975628	0.000466723204680892	0.0362459261869109	0.023514596451059	0.0329432416617905	0.045761934444353	0.00760556453312724
2011	0.0594550185796933	0.000500873683072177	0.0456267065973751	0.0250257584430452	0.0301930953774137	0.0500735060627801	0.00757043490479871
2011	0.160936925292789	0.000455339711883797	0.104597903637805	0.0541041785918718	0.0605617320070216	0.139176967316264	0.048443757465046
2011	0.184372088866278	0.000552099400659104	0.183079362283097	0.121717229536348	0.132124049151551	0.15230456208028	0.0988723389306541
2011	0.353753235547886	0.000648859089434411	0.325684841011186	0.240068689181454	0.200468110005851	0.370750467498559	0.0874376449097169
2011	0.0219673506147971	0.00047241495107944	0.0127719545494583	0.0142873497424156	0.0156816851960211	0.0159572841567973	0.00133492587648423
2011	0.184812089003778	0.000574866386253294	0.156478463842156	0.116084716657126	0.1234640140433	0.174880920178296	0.0443687205789363
2011	0.0927111227222259	0.000512257175869272	0.0568131771337972	0.0685746994848311	0.0845523698069046	0.0666211909158267	0.00879997189629734
2011	0.00208656315205099	0.000717160046216981	0.00206993746146393	0.00203777904979966	0.00251609128145114	0.0027873499006198	0.00216047214220474
2011	0.098408780752744	0.000540715907862009	0.0923544437593588	0.041740125930166	0.0442949093036864	0.0774930316252485	0.0215344621653903
2011	0.00885672151772548	0.000500873683072177	0.00744296661675328	0.00503720663995421	0.00620245757753072	0.00751055547061522	0.000948499964870372
2011	0.0229040696575218	0.000535024161463462	0.018056901259579	0.016531196336577	0.0159742539496782	0.0189210486080892	0.00525187943511558
2011	0.0275257898518093	0.000500873683072177	0.020919580727561	0.0179507727532914	0.0204798127559977	0.0228421560210286	0.00379399985948149
2011	0.0580628306446346	0.000478106697477987	0.0449660882586101	0.0289410417859187	0.029959040374488	0.0586166747033295	0.00732452750649898
2011	0.0302723532101104	0.000517948922267819	0.0188496432660971	0.0166227819118489	0.017203042715038	0.0217483858068614	0.00333731469121057
2011	0.0143120357225112	0.000574866386253294	0.0114947590945125	0.00629650829994276	0.00842598010532475	0.0123584273230856	0.00368861097449589
2011	0.147322702288344	0.000506565429470725	0.0910332070818286	0.0780538065254722	0.0699824458747806	0.121170922177661	0.0500772851823228
2011	0.329836821824007	0.000591941625448936	0.328899850259843	0.161419576416714	0.153188999414862	0.298540463617439	0.241885055856109
2011	0.0615948629983947	0.000506565429470725	0.0420593675680437	0.0360847166571265	0.0433001755412522	0.0486668940454209	0.00483032389517319
2011	0.0878676837086512	0.00049518193667363	0.0757949440676473	0.0398397252432742	0.0334113516676419	0.0712620696955085	0.0735438769057823
2011	0.227533352354173	0.000574866386253294	0.207522240817405	0.177149398969662	0.157050906963136	0.205235983863949	0.277120073069627
2011	0.223911944972483	0.000500873683072177	0.155113185942042	0.131150543789353	0.136688121708602	0.172102979053712	0.0558736738565306
2011	0.0787668996146561	0.000466723204680892	0.0633312780762794	0.0500057240984545	0.0663545933294324	0.0657955708186811	0.00890536078128293
2011	0.0281943838107449	0.000478106697477987	0.0326785871575795	0.0160274756725816	0.0179052077238151	0.0238371340868195	0.00533970350593691
2011	0.0784472120147538	0.000483798443876535	0.0525852197657007	0.0350085861476817	0.0443534230544178	0.0651722394063062	0.00966064779034638
2011	0.0313001660313019	0.000517948922267819	0.0214921166211574	0.0179278763594734	0.0197776477472206	0.0216307761064133	0.00361835171783883
2011	0.101689875528086	0.000614708611043126	0.0925746498722805	0.0933257012020607	0.0850789935634874	0.113328707351782	0.0548197850066746
2011	0.527350477297024	0.000580558132651842	0.41605742975425	0.281259301659989	0.190052662375658	0.485535182941889	0.133597976533408
2011	0.0110412534503917	0.000500873683072177	0.0121113362106932	0.00494562106468231	0.00468110005851375	0.00934997118562339	0.00414529614276681
2011	0.191357091049091	0.000552099400659104	0.159825596758566	0.129982827704637	0.111410181392627	0.180709656932504	0.135196374622357
2011	0.0662011144378483	0.000409805740695418	0.0465956134942306	0.0271322266742988	0.027325921591574	0.0443082785468145	0.0124358884283004
2011	0.0297721968038115	0.00047241495107944	0.0266449396635251	0.0184087006296508	0.0216500877706261	0.0226257541722041	0.00546265720508677
2011	0.992318903849657	0.000813919734992288	0.980357614727385	0.960938752146537	0.977179637214745	0.997986521928329	0.929003021148036
2011	0.0368345427607946	0.000529332415064914	0.0217563639566634	0.031345163136806	0.0262726740784084	0.0334011549272584	0.0150881753671046
2011	0.0110343784482433	0.000461031458282345	0.0100413987492293	0.00764739553520321	0.0100058513750731	0.0086584261469886	0.0012471018056629
2011	0.101841125575352	0.000455339711883797	0.0766757685193341	0.0525014310246136	0.0492100643651258	0.0705140720006586	0.0140167217030844
2011	0.0232787572746117	0.000574866386253294	0.0326785871575795	0.0141041785918718	0.0175541252194266	0.0236560151481294	0.00386425911613855
2011	0.0505175157867237	0.000540715907862009	0.0332070818285916	0.0242701774470521	0.0280280866003511	0.0357604055182471	0.00697323122321366
2011	0.00285656339267606	0.000620400357441674	0.00202589623887959	0.00315970234688037	0.00157987126974839	0.00242746421724864	0.000649898124077847
2011	0.0283542276106961	0.000489490190275082	0.0158107989077777	0.0181568402976531	0.0200702165008777	0.0217907252990227	0.00361835171783883
2011	0.0282064150645047	0.000358580023108491	0.0251034968730732	0.0187292501431025	0.0259215915740199	0.0238865301610077	0.00210777769971194
2011	0.0249803203063501	0.000398422247898323	0.0191579318241874	0.00734974241556955	0.00684610883557636	0.0279534736025027	0.00992412000281037
2011	0.0373071991584997	0.00047241495107944	0.0248392495375672	0.0183171150543789	0.0232299590403745	0.0273419031601727	0.00516405536429425
2011	0.0289196965374052	0.000438264472688155	0.0230335594116093	0.0170120206067544	0.0246342890579286	0.0198878003457725	0.00396964800112415
2011	0.142707857096205	0.000517948922267819	0.0975953492468951	0.0776874642243847	0.0854885898186074	0.113681536453127	0.0132263050656924
2011	0.0318467287021027	0.000563482893456199	0.0186294371531754	0.0285060103033772	0.0207723815096548	0.0252954943723758	0.0109780088526663
2011	0.261323987913746	0.000455339711883797	0.14555624064124	0.097355466514024	0.096255119953189	0.189027014948193	0.0299831377784023
2011	0.0175948492483904	0.000500873683072177	0.0148859332335066	0.0099141385231826	0.0102984201287303	0.0154256883107719	0.00247663879716153
2011	0.286673839585575	0.000523640668666367	0.223641328283273	0.17740125930166	0.176770040959626	0.243092194244181	0.134686995011593
2011	0.022311100722219	0.000523640668666367	0.0115828415396811	0.0204693760732685	0.0222937390286717	0.0155856375033813	0.00423312021358814
2011	0.0629440821700257	0.000586249879050389	0.0472121906104113	0.0280709788208357	0.027735517846694	0.0701659472873323	0.0262418323614136
2011	0.109039252824767	0.000529332415064914	0.101250770721395	0.0274756725815684	0.0267992978349912	0.065369823703059	0.0557155905290522
2011	0.0105857845580577	0.000415497487093965	0.00722276050383159	0.00819690898683457	0.0126389701579871	0.008449080880191	0.00112414810651303
2011	0.00726172101928782	0.00047241495107944	0.00330309169382542	0.00670864338866629	0.00544177881802224	0.00586637185835088	0.00159839808894822
2011	0.0204823501507344	0.000483798443876535	0.0162071699110367	0.014768174012593	0.0174370977179637	0.0180530890187823	0.00453172205438067
2011	0.00873297147905359	0.000466723204680892	0.00810358495551836	0.0120663995420721	0.0165593914569924	0.00793630258623731	0.000930935150706106
2011	0.157540674231461	0.000517948922267819	0.125781731700872	0.0385346307956497	0.0221767115272089	0.100504545614922	0.0830288765544861
2011	0.0468273583835495	0.000500873683072177	0.0304765260283625	0.0408013737836291	0.049093036863663	0.0369506156867818	0.00735965713482751
2011	0.00197656311767597	0.000369963515905586	0.00176164890337356	0.00290784201488266	0.00403744880046811	0.00187940301316053	0
2011	0.0450364203238814	0.000478106697477987	0.0269532282216154	0.0276359473382942	0.0283791691047396	0.0377950533359992	0.00665706456825687
2011	0	0	0	0	0	0	0
2011	0.00324328226352571	0.000369963515905586	0.00189377257112657	0.00281625643961076	0.000526623756582797	0.00306020440565938	0.000649898124077847
2011	0.0206473502022969	0.00049518193667363	0.010790099533163	0.012180881511162	0.0144528964306612	0.0177755301257248	0.00414529614276681
2011	0.0121979725618664	0.000387038755101228	0.0110543468686691	0.0123182598740698	0.0232884727911059	0.00946758088607148	0.000930935150706106
2011	0.00919531537353605	0.000557791147057652	0.0100413987492293	0.0173325701202061	0.0147454651843183	0.00927705317134557	0.000878240708213307
2011	0.0143670357396987	0.000557791147057652	0.0125517484365366	0.0103033772180882	0.013867758923347	0.0109094758135651	0.000649898124077847
2011	0.00846140889419028	0.000244745095137541	0.0118911300977715	0.00963938179736691	0.018314803978935	0.0055441212791231	0.00152813883229115
2011	0.00327421977319368	0.000455339711883797	0.00140931912269885	0.002610188895249	0.00468110005851375	0.00455619979535912	0.000702592566570646
2011	0.0358084486901402	0.000523640668666367	0.0276578877829649	0.0359015455065827	0.0390286717378584	0.0316064308984205	0.00611255532916462
2011	0.0166718802099626	0.000540715907862009	0.0183651898176693	0.0189582140812822	0.0184903452311293	0.0143577922307032	0.00844867561301201
2011	0.0202468813271504	0.00044964796548525	0.0170439531401392	0.0158672009158558	0.0287887653598596	0.0145624331094829	0.00402234244361695
2011	0.00338765730864291	0.000677317821427148	0.00136527790011451	0.00320549513451631	0.00263311878291398	0.00342949886506639	0.000737722194899178
2011	0.00645906451845766	0.000688701314224243	0.0075750902845063	0.00796794504865484	0.00912814511410181	0.00697190304256295	0.000263472212463992
2011	0.0285501651719266	0.000523640668666367	0.0184973134854224	0.0108757870635375	0.0139262726740784	0.0418643489715032	0.0119967680741938
2011	0.134272229460072	0.000620400357441674	0.144411168854047	0.139278763594734	0.119309537741369	0.148120008938337	0.067448886390782
2011	0.192704591470185	0.000637475596637316	0.171804809301506	0.14294218660561	0.133235810415448	0.210180295670787	0.0819398580763016
2011	0.00822937757168049	0.000466723204680892	0.00440412225843389	0.00723526044647968	0.00737273259215916	0.00743528526232844	0.00305627766458231
2011	0.0109312534160167	0.000552099400659104	0.00273055580022901	0.00785346307956497	0.0100643651258046	0.00911004739670928	0.00528700906344411
2011	0.00304218845068389	0.000540715907862009	0.00325905047124108	0.00153405838580424	0.00105324751316559	0.0031331224199372	0.000526944424927984
2011	0.00206250064453145	0.000506565429470725	0.000748700783933762	0.00531196336576989	0.00760678759508484	0.00246980370940995	0.000526944424927984
2011	0.0257365705426783	0.000688701314224243	0.0255879503215009	0.0257355466514024	0.0245757753071972	0.026457478212803	0.0111360921801447
2011	0.00550000171875054	0.000478106697477987	0.00330309169382542	0.00499141385231826	0.0104739613809245	0.00518188340174298	0.00165109253144102
2011	0.0312159472549835	0.000483798443876535	0.0232978067471153	0.0327418431597023	0.0441778818022235	0.0257424112340786	0.00340757394786763
2011	0.0092932841541513	0.000626092103840221	0.00854399718136175	0.00934172867773326	0.0154476301930954	0.00729415362179073	0
2011	0.0151628172383804	0.000683009567825696	0.00625385360697613	0.0194161419576417	0.0179637214745465	0.0146306467357428	0.00391695355863135
2011	0.00300609468940459	0.000500873683072177	0.00559323526821105	0.00279336004579279	0.00409596255119953	0.002836745974808	0.00112414810651303
2011	0.00626312695722717	0.000557791147057652	0.00229014357438563	0.00510589582140813	0.00362785254534816	0.00524774483399391	0.0010363240356917
2011	0.661364894176529	0.000671626075028601	0.68686690742535	0.437321121923297	0.305851375073142	0.687024121749562	0.484261926508818
2011	0.0132240666325208	0.000597633371847484	0.0133004492204704	0.01220377790498	0.0056173200702165	0.0135792160137368	0.0109780088526663
2011	0.00692828341508857	0.000569174639854747	0.00682638950057254	0.00109902690326274	0.000877706260971328	0.00794806355628212	0.00720157380734912
2011	0.0380050118765662	0.000694393060622791	0.0301241962476878	0.0419004006868918	0.0439438267992978	0.0418619967774942	0.016563619756903
2011	0.00923312788535246	0.000563482893456199	0.00585748260371708	0.0065254722381225	0.00754827384435342	0.0072400531595846	0.00219560177053327
2011	0.0146764108363784	0.000580558132651842	0.0148418920109222	0.0116084716657127	0.0125219426565243	0.0128523880649676	0.00539239794842971
2011	0.0391961059987831	0.000330121291115753	0.0362899674094953	0.0249112764739554	0.0326506729081334	0.0286191445070389	0.00465467575353053
2011	0.00463375144804733	0.000574866386253294	0.0065621421650665	0.00212936462507155	0.00292568753657109	0.0049584249708916	0.00187943511557648
2011	0.0479170462240769	0.000557791147057652	0.049898705188056	0.0343903835145965	0.0254534815681685	0.0463805614687099	0.0194266844656784
2011	0.0147210983503432	0.000580558132651842	0.0146657271205849	0.00776187750429307	0.00912814511410181	0.0184858927164313	0.0147368790838193
2011	0.00472484522651413	0.000267512080731731	0.00255439090989166	0.00162564396107613	0	0.00295906006327402	0.000386425911613855
2011	0.0107903158719737	0.000466723204680892	0.00986523385889192	0.0105552375500859	0.0141018139262727	0.00919237418702295	0.0010363240356917
2011	0.0225431320447288	0.000529332415064914	0.01532634545935	0.0238580423583286	0.0177881802223523	0.0205864019664342	0.011750860675894
2011	0.0121103162844738	0.000324429544717206	0.0192019730467718	0.00398397252432742	0.00263311878291398	0.00995213285191763	0.00288062952293965
2011	0.0102850032140635	0.00044964796548525	0.00312692680348806	0.00739553520320549	0.0117612638970158	0.00655086031495878	0.00144031476146982
2011	0.0103571907366221	0.000631783850238769	0.00436008103584956	0.0133714939896966	0.0139847864248098	0.00905829912851212	0.00286306470877538
2011	0.00427625133632854	0.000574866386253294	0.00572535893596406	0.00499141385231826	0.00778232884727911	0.00449269055711715	0.00140518513314129
2011	0.023644851139016	0.000552099400659104	0.0166475821368801	0.0194619347452776	0.0188414277355178	0.0194079527679443	0.002178036956369
2011	0.0891876841211513	0.000643167343035864	0.0661939575442614	0.084327418431597	0.0956699824458748	0.0933421148576335	0.0519040258554064
2011	0.0613817379317931	0.000563482893456199	0.044173346252092	0.0368174012593017	0.0403744880046811	0.0640102555658791	0.0118035551183868
2011	0.0247551639859887	0.000540715907862009	0.0285387122346516	0.0094791070406411	0.0168519602106495	0.0548061204088113	0.0287887304152322
2011	0.209933346854171	0.000557791147057652	0.191271029683784	0.118236977676016	0.103452311293154	0.186639538029097	0.0422258132508958
2011	0.0379757931174353	0.000483798443876535	0.0286267946798203	0.0293073840870063	0.0320070216500878	0.0270431745210345	0.00249420361132579
2011	0.000574062679394587	0.000261820334333183	0.000704659561349423	0.000274756725815684	0.000994733762434172	0.00070801039669752	0.000333731469121057
2011	0.0138926605914564	0.000717160046216981	0.012727913326874	0.0153176874642244	0.0152135751901697	0.011349336093241	0.0054977868334153
2011	0.0219175068492209	0.000523640668666367	0.0172201180304765	0.0171265025758443	0.0188999414862493	0.0207534077410705	0.00678001826740673
2011	0.0439656387392621	0.000466723204680892	0.0367303796353387	0.0250486548368632	0.0267992978349912	0.0365201641831418	0.0218154991920185
2011	0.00363515738598668	0.00049518193667363	0.00154144279045186	0.000755580995993131	0.00193095377413692	0.0026885577522434	0.000386425911613855
2011	0.0127600039875012	0.000688701314224243	0.0193340967145248	0.0123869490555238	0.007489760093622	0.01418372987404	0.00667462938242113
2011	0.00895297154780361	0.000529332415064914	0.00990927508147626	0.0127532913566113	0.0230544177881802	0.00890305432392064	0.00133492587648423
2011	0.00823969007490315	0.000153677152760782	0.00176164890337356	0.00357183743560389	0.00292568753657109	0.00388112011478707	0.00129979624815569
2011	0.0158554737048355	0.000478106697477987	0.0073548841715846	0.0170807097882084	0.0338794616734933	0.0120785162360191	0.00142274994730556
2011	0.00163453176079118	0.000466723204680892	0.000748700783933762	0.00167143674871208	0.00111176126389702	0.0100226986721865	0.00231855546968313
2011	0.170130521915788	0.000813919734992288	0.248348454153087	0.128517458500286	0.0648917495611469	0.216542980465029	0.126115365699431
2011	0.0213761004300314	0.00044964796548525	0.0184973134854224	0.0246823125357756	0.030368636629608	0.0157761652181072	0.00421555539942387
2011	0.00635078323461976	0.000626092103840221	0.00427199859068088	0.00531196336576989	0.00222352252779403	0.00638855892834041	0.0023888147263402
2011	0.0476729836478074	0.000546407654260557	0.0470800669426583	0.0282312535775615	0.030368636629608	0.0620038340762346	0.00943230520621092
2011	0.00757797111811597	0.000478106697477987	0.00532898793270501	0.00485403548941042	0.00146284376828555	0.00670610511955026	0.000860675894049041
2011	0.0190712559597675	0.000848070213383573	0.0261604862150973	0.0121121923297081	0.0129315389116442	0.0244181260070331	0.011944073631701
2011	0.00890656528330165	0.000483798443876535	0.00524090548753633	0.0124556382369777	0.0115272088940901	0.00761169981300058	0.00179161104475515
2011	0.00517687661777394	0.000358580023108491	0.00330309169382542	0.00233543216943331	0.00251609128145114	0.00370940995213285	0.00101875922152744
2011	0.0202314125723164	0.000614708611043126	0.0200827974984586	0.0183171150543789	0.0212404915155061	0.0155103672950945	0.00316166654956791
2011	0.0061239081637213	0.00047241495107944	0.002598432132476	0.00785346307956497	0.00947922761849035	0.00442447693085726	0.0011417129206773
2011	0.0581195494123592	0.000438264472688155	0.0403417598872545	0.0232169433314253	0.0262726740784084	0.0984698977971703	0.017687767863416
2011	0.0099051593453623	0.00038134700870268	0.00299480313573505	0.00844876931883228	0.00766530134581627	0.00689663283427617	0.00151057401812689
2011	0.00992750310234472	0.000546407654260557	0.00387562758742183	0.0102346880366342	0.0100058513750731	0.00987215825561292	0.00319679617789644
2011	0.118939255918517	0.000552099400659104	0.146128776534837	0.0876016027475673	0.122001170275015	0.123871240899949	0.0956404131244291
2011	0.144890670278334	0.000728543539014076	0.173390293314542	0.125266170578134	0.145991808074898	0.156547920072448	0.0683973863556524
2011	0.00759515862348707	0.000529332415064914	0.00475645203910861	0.00748712077847739	0.00708016383850205	0.00469968362990579	0.00154570364645542
2011	0.00823797132436604	0.000375655262304133	0.00559323526821105	0.0122266742987979	0.0164423639555295	0.00439625060274971	0.00115927773484157
2011	0.00167406302314469	0.000535024161463462	0	0.00201488265598168	0.00310122878876536	0.00233572865089913	0
2011	0.00824140882544026	0.000654550835832959	0.00713467805866291	0.00755580995993131	0.00825043885313049	0.00848201159631646	0.00256446286798286
2011	0.0203465688583028	0.000529332415064914	0.0176164890337356	0.0125701202060675	0.0143358689291984	0.0169499100285792	0.00591934237335769
2011	0.0150596922061538	0.000512257175869272	0.00889632696203647	0.0104865483686319	0.00912814511410181	0.0114128453314829	0.00126466661982716
2011	0.0110257846955577	0.000671626075028601	0.00286267946798203	0.00844876931883228	0.0148039789350497	0.00910769520270032	0.00161596290311249
2011	0.0195989123746601	0.000802536242195193	0.0135646965559764	0.0232627361190612	0.0214160327677004	0.0156279769955426	0.00525187943511558
2011	0.0439123574726117	0.00042688097989106	0.0279661763410552	0.0396336576989124	0.0498537156231714	0.0333823373751867	0.00282793508044685
2011	0.00644359576362368	0.000506565429470725	0.00554919404562671	0.00689181453921007	0.0032182562902282	0.00776224022957413	0.00532213869177264
2011	0.062086425652008	0.000580558132651842	0.078613582313045	0.0733142530051517	0.0803978935049737	0.0588001458360286	0.0159488512611537
2011	0.0149393796685561	0.000421189233492513	0.0119792125429402	0.00966227819118489	0.0111176126389702	0.0141366859938608	0.00377643504531722
2011	0.0112715660223644	0.000563482893456199	0.00867612084911477	0.0107842014882656	0.00971328262141603	0.0209368788737695	0.00205508325721914
2011	0.0170998490937028	0.000654550835832959	0.00898440940720514	0.0175157412707499	0.0212404915155061	0.0206499112046762	0.0195496381648282
2011	0.217239755387424	0.000774077510202456	0.3051175900643	0.251883228391528	0.219543592744295	0.272080633210627	0.178107215625659
2011	0.0242481325775414	0.000392730501499775	0.0178807363692416	0.0189582140812822	0.0344645991808075	0.0162748303480071	0.0020726480713834
2011	0.00836687761464926	0.000478106697477987	0.00629789482956047	0.00155695477962221	0.00152135751901697	0.0212638338410152	0.00270498138129699
2011	0.00435531386103558	0.000347196530311396	0.0057694001585484	0.00233543216943331	0.00339379754242247	0.00362708316181919	0.00173891660226235
2011	0.00366609489565465	0.000683009567825696	0.00687043072315687	0.00755580995993131	0.000526623756582797	0.00372352311618662	0.0010363240356917
2011	0.0639358012299379	0.000466723204680892	0.0475645203910861	0.0237893531768746	0.0301345816266823	0.0516518282427935	0.0135424717206492
2011	0.0146351608234878	0.000443956219086703	0.010525852197657	0.0153634802518603	0.0155646576945582	0.0112528961388735	0.00163352771727675
2011	0.0497320467912646	0.000483798443876535	0.0488857570686162	0.0413508872352604	0.0600936220011703	0.0422195302668564	0.0116630366050727
2011	0.018091568153615	0.000557791147057652	0.00832379106844006	0.021774470520893	0.0361614979520187	0.0139720324132334	0.00054450923909225
2011	0.0157575049242203	0.00047241495107944	0.0129481194397956	0.00881511161991986	0.00895260386190755	0.0162677737659802	0.0020726480713834
2011	0.0153398485437027	0.000455339711883797	0.00687043072315687	0.0118374356038924	0.0272088940901112	0.0100720947463747	0.00177404623059088
2011	0.0281462587957059	0.00047241495107944	0.0176164890337356	0.0231482541499714	0.027325921591574	0.0199654227480683	0.00672732382491393
2011	0.0204617251442891	0.000540715907862009	0.0122434598784462	0.0140583858042358	0.014979520187244	0.015787926188152	0.00284549989461111
2011	0.0100409406377939	0.000563482893456199	0.00902845062978948	0.0134859759587865	0.0167349327091867	0.00941348042386536	0.000702592566570646
2011	0.0696197092561591	0.000694393060622791	0.0801550251034969	0.0819690898683457	0.0983616149795202	0.0825384877744716	0.0465467575353053
2011	0.0686039276887274	0.000745618778209718	0.0870254558266537	0.0681396680022896	0.0723815096547689	0.0913780328601503	0.0619510995573667
2011	0.0167423489819841	0.000432572726289608	0.0059896062714701	0.010440755580996	0.01234640140433	0.0126195208580804	0.00214290732804047
2011	0.0507529846103077	0.000643167343035864	0.0532458381044658	0.0561877504293074	0.0605617320070216	0.0543262728309831	0.0268214712288344
2011	0.003043907201221	0.000779769256601003	0.0033911741389941	0.00590726960503721	0.00491515506143944	0.00397991226316347	0.000913370336541839
2011	0.00485375151679735	0.0010074391125429	0.00480049326169294	0.00586147681740126	0.00450555880631948	0.00602161666294236	0.000316166654956791
2011	0.0296364155113798	0.000466723204680892	0.020787457059808	0.0212249570692616	0.0342305441778818	0.0224705093676126	0.00284549989461111
2011	0.280611806441189	0.000591941625448936	0.279089227516956	0.224819690898683	0.229373902867174	0.283310007409411	0.199571418534392
2011	0.0230776634617698	0.000603325118246031	0.0254558266537479	0.0230795649685175	0.0197191339964892	0.0214802356898397	0.00832572191386215
2011	0.0383075119710975	0.000352888276709943	0.0299039901347661	0.0307498568975386	0.0379754242246928	0.0271890105495901	0.00235368509801166
2011	0.0137053167829115	0.000466723204680892	0.010790099533163	0.00659416141957642	0.0102984201287303	0.010975337245816	0.00490058315183025
2011	0.0108298471343272	0.000523640668666367	0.0117590064300185	0.0150887235260446	0.0131070801638385	0.00811977371893634	0.00121197217733436
2011	0.00589531434228573	0.000341504783912848	0.00268651457764468	0.000572409845449342	0.000468110005851375	0.0168040740000235	0.00537483313426544
2011	0.0161064112832535	0.000671626075028601	0.0120672949881089	0.0134401831711505	0.0120538326506729	0.0145812506615546	0.00572612941755076
2011	0.0252673516460474	0.000523640668666367	0.015722716462609	0.0260103033772181	0.0366881217086015	0.0211650416926388	0.00133492587648423
2011	0.0186209433190448	0.000552099400659104	0.0110983880912534	0.0126388093875215	0.0229373902867174	0.014800004704388	0.00221316658469753
2011	0.0403614188629434	0.000512257175869272	0.0453184180392848	0.0147223812249571	0.0184318314803979	0.0454138097310266	0.0348837209302326
2011	0.00933969041865326	0.000569174639854747	0.0049766581520303	0.00680022896393818	0.00520772381509655	0.00909122984463758	0.000245907398299726
2011	0.0662183019432194	0.000569174639854747	0.0566810534660442	0.0492501431024614	0.0566998244587478	0.0595552001129053	0.0121899810300007
2011	0.0154326610727066	0.000523640668666367	0.00986523385889192	0.015684029765312	0.0257460503218256	0.0114387194655815	0.00068502775240638
2011	0.00912828410258878	0.000432572726289608	0.00471241081652427	0.00890669719519176	0.0142188414277355	0.00629447116798194	0.00022834258413546
2011	0.0154343798232437	0.00047241495107944	0.0108781819783317	0.00764739553520321	0.00438853130485664	0.0126312818281252	0.00511136092180145
2011	0.0680986150308172	0.000461031458282345	0.0433365630229895	0.0319175729822553	0.0434757167934465	0.0588448375221988	0.00676245345324247
2011	0.00407343877294962	0.000489490190275082	0.00361138025191579	0.00364052661705781	0.00356933879461673	0.00357768708763099	0.000281037026628258
2011	0.00470250146953171	0.000654550835832959	0.00581344138113274	0.00444190040068689	0.00550029256875366	0.00516071365566232	0
2011	0.00351828234946323	0.000711468299818433	0.00334713291640976	0.00190040068689181	0.0032182562902282	0.00388817669681395	0.000245907398299726
2011	0.02926172789429	0.000517948922267819	0.0222408174050912	0.0219118488838008	0.0281451141018139	0.0233478777329554	0.0033197498770463
2011	0.00282562588300809	0.000660242582231506	0.00220206112921695	0.00235832856325129	0.00105324751316559	0.00560763051736507	0.00177404623059088
2011	0.0071139084730964	0.000461031458282345	0.00827974984585572	0.00242701774470521	0.0013458162668227	0.00587342844037776	0.00105388884985597
2011	0.0251556328611353	0.000409805740695418	0.0152823042367656	0.016531196336577	0.0232299590403745	0.0173733049501923	0.00191456474390501
2011	0.0164226613820817	0.000626092103840221	0.00440412225843389	0.00485403548941042	0.00924517261556466	0.0124148799793007	0.000579638867420783
2011	0.0212661003956564	0.000421189233492513	0.0182330661499163	0.0157298225529479	0.0245757753071972	0.0146071247956531	0.00237124991217593
2011	0.00696609592690498	0.000887912438173405	0.0049766581520303	0.00357183743560389	0.00415447630193095	0.0066543568513531	0.00180917585891941
2011	0.0462687644589889	0.000517948922267819	0.0409583370034352	0.0413508872352604	0.0628437682855471	0.0347889493925459	0.00597203681585049
2011	0.0184026620008319	0.000529332415064914	0.0091605742975425	0.0117000572409845	0.0225863077823288	0.01597374951486	0.00045668516827092
2011	0.0320357912611848	0.000591941625448936	0.0250594556504889	0.0283915283342874	0.0368636629607958	0.0337069401484234	0.0124885828707932
2011	0.140183012557191	0.000506565429470725	0.0823570862327138	0.0844647967945049	0.120362785254535	0.0977077869382667	0.0124358884283004
2011	0.00998765937114355	0.000523640668666367	0.00585748260371708	0.00622781911848884	0.0100643651258046	0.00702129911675115	0.000386425911613855
2011	0.0136382855119642	0.000455339711883797	0.0112745529815908	0.0181568402976531	0.0283206553540082	0.00962282569066297	0.000720157380734912
2011	0.0238631324572289	0.00047241495107944	0.0120232537655245	0.0212707498568975	0.0409011117612639	0.0169452056405612	0.000807981451556243
2011	0.0378434493260779	0.000517948922267819	0.0290231656830794	0.0256897538637665	0.0315389116442364	0.0304867865501547	0.00493571278015879
2011	0.0225826633070823	0.00042688097989106	0.0138289438914824	0.0122495706926159	0.0152720889409011	0.0176320462911781	0.00107145366402023
2011	0.0170826615883317	0.000500873683072177	0.0113626354267594	0.0129593589009731	0.0132241076653013	0.0136968257141849	0.00251176842549006
2011	0.0129181290369153	0.000700084807021338	0.00695851316832555	0.0176073268460218	0.0296664716208309	0.00908887765062862	0.000439120354106654
2011	0.0426851695891155	0.000535024161463462	0.0356293490707302	0.0487464224384659	0.0586307782328847	0.0320604043421501	0.00240637954050446
2011	0.0180468806396502	0.000603325118246031	0.0108341407557474	0.0107842014882656	0.00836746635459333	0.0148776271066838	0.000351296283285323
2011	0.0171875053710954	0.000535024161463462	0.00933673918787986	0.0215912993703492	0.0366881217086015	0.0130499723617204	0.000298601840792524
2011	0.0592797060249081	0.000654550835832959	0.0440412225843389	0.0249570692615913	0.0325336454066706	0.0834981829301281	0.0100119440736317
2011	0.00831703384907308	0.000489490190275082	0.00665022461023518	0.00480824270177447	0.00351082504388531	0.00610159125924706	0.000895805522377573
2011	0.0109914096848155	0.000768385763803908	0.00761913150709064	0.00286204922724671	0.00456407255705091	0.00844672868618204	0.00161596290311249
2011	0.0161098487843277	0.000535024161463462	0.0121113362106932	0.0128906697195192	0.0115857226448215	0.0124242887553365	0.00112414810651303
2011	0.0306762595863311	0.000506565429470725	0.0189377257112657	0.0168746422438466	0.0198946752486834	0.0263845601985252	0.00224829621302607
2011	0.00434672010835003	0.00044964796548525	0.00436008103584956	0.00400686891814539	0.00438853130485664	0.00284615475084385	0.000702592566570646
2011	0.00318656349580109	0.00083099497418793	0.00413987492292786	0.00622781911848884	0.00631948507899356	0.00414927023180872	0.000281037026628258
2011	0.00523015788442434	0.000347196530311396	0.00546111160045803	0.003480251860332	0.00708016383850205	0.0034224422830395	0.000421555539942387
2011	0.020851881516213	0.000443956219086703	0.0175724478111512	0.017378362907842	0.0279695728496197	0.0143295659025956	0.00210777769971194
2011	0.0347582921119663	0.000540715907862009	0.0330749581608385	0.0282312535775615	0.0407840842598011	0.0281134227951121	0.00235368509801166
2011	0.0523101725969289	0.000517948922267819	0.0391526468774773	0.0390154550658271	0.0526038619075483	0.0386324344031896	0.004356073912738
2011	0.0180468806396502	0.000512257175869272	0.0118470888751872	0.01039496279336	0.0136922176711527	0.0139508626671528	0.0020726480713834
2011	0.00575953304985408	0.000569174639854747	0.00524090548753633	0.00327418431597023	0.00550029256875366	0.00512778293953685	0.000333731469121057
2011	0.00892719028974697	0.000591941625448936	0.00797146128776535	0.00638809387521465	0.00947922761849035	0.00693426793841956	0.00107145366402023
2011	0.00744562732675854	0.000591941625448936	0.00717871928124725	0.00496851745850029	0.00983031012287888	0.00638385454032249	0.00128223143399143
2011	0.0099962531238291	0.000489490190275082	0.0152382630141813	0.00620492272467086	0.00784084259801053	0.00841615016406553	0.000913370336541839
2011	0.00419203256001018	0.000330121291115753	0.00427199859068088	0.00286204922724671	0.00620245757753072	0.00304609124160561	0.000316166654956791
2011	0.005115001598438	0.000506565429470725	0.0031709680260724	0.0056554092730395	0.00380339379754242	0.00409281757559363	0.000316166654956791
2011	0.0143739107418471	0.000517948922267819	0.0114507178719281	0.0094791070406411	0.00977179637214745	0.0142966351864702	0.00121197217733436
2011	0.0275979773743679	0.000597633371847484	0.0194221791596935	0.0273382942186606	0.0351667641895846	0.0240935232337963	0.00115927773484157
2011	0.00557562674238336	0.000313046051920111	0.00427199859068088	0.00746422438465942	0.0125219426565243	0.00364119632587296	0.000298601840792524
2011	0.0106235970698741	0.000478106697477987	0.00946886285563287	0.00876931883228392	0.013867758923347	0.00814800004704388	0.000755287009063444
2011	0.00266234458198268	0.000438264472688155	0.00246630846472298	0.00570120206067544	0.00479812755997659	0.00292612934714855	0.000210777769971194
2011	0.0605240814137754	0.000478106697477987	0.0439531401391703	0.0412593016599886	0.057694558221182	0.0469168617027532	0.00586664793086489
2011	0.01407484814839	0.000586249879050389	0.00920461552012684	0.0138294218660561	0.026214160327677	0.0112975878250438	0.00022834258413546
