2012	0.0111031284697276	0.000546407654260557	0.0115926744896242	0.00849995595877742	0.00627361190612479	0.015389116442364	0.0107377656509109	0.000913370336541839
2012	0.0123818788693371	0.000535024161463462	0.012955973009604	0.0143133973399102	0.0110818546078993	0.016091281451141	0.0109118280075741	0.00981873111782477
2012	0.0130504728282728	0.000552099400659104	0.0140032883449238	0.0118030476526028	0.0111505437893532	0.0190169689877121	0.0124289931433545	0.00189699992974074
2012	0.00447390764809614	0.000432572726289608	0.00529354639123355	0.00731084294900026	0.00446479679450487	0.00784084259801053	0.00435626330459736	0.000298601840792524
2012	0.0276237586324246	0.000517948922267819	0.0273209527986041	0.0216242402889104	0.0267429879793932	0.0372147454651843	0.0235454620297082	0.000667462938242113
2012	0.00626484570776428	0.000671626075028601	0.00754252524222065	0.00902845062978948	0.0106697195191757	0.0221767115272089	0.00631328872005363	0.000193212955806928
2012	0.0173679741774919	0.000552099400659104	0.0181706892143081	0.0205672509468863	0.0203091013165426	0.0353423054417788	0.0151387206416785	0.00205508325721914
2012	0.0719142412232004	0.000688701314224243	0.0784830687332983	0.0775565929710209	0.0514024041213509	0.0589818607372733	0.0792995166241312	0.0221492306611396
2012	0.0123664101145032	0.000523640668666367	0.0129553105710618	0.0142693561173258	0.00897538637664568	0.0145114101813926	0.0108741929034307	0.00214290732804047
2012	0.0323675101148469	0.000489490190275082	0.031003448655051	0.02598432132476	0.0359015455065827	0.053949678174371	0.0246157103037859	0.00377643504531722
2012	0.0178182868182146	0.000432572726289608	0.0172591737801525	0.0170439531401392	0.0100973096737264	0.0132826214160328	0.0173568395921296	0.00210777769971194
2012	0.00421953256860393	0.000683009567825696	0.00548631600703245	0.00731084294900026	0.00579278763594734	0.0102399063779988	0.00451386030319781	0.000193212955806928
2012	0.00777047117827224	0.000631783850238769	0.00879254677147328	0.00546111160045803	0.00647967945048655	0.0133996489174956	0.00756230373881238	0.000632333309913581
2012	0.0113935973104992	0.000643167343035864	0.012991082252344	0.00748700783933762	0.0120663995420721	0.0193095377413692	0.010794218307126	0.00149300920396262
2012	0.0464320457600143	0.000563482893456199	0.0490250891973497	0.0400775125517484	0.0468460217515741	0.0611468695143359	0.0451480118080139	0.0076758237897843
2012	0.0073493772966804	0.000517948922267819	0.00819767696051999	0.00753104906192196	0.00480824270177447	0.00959625511995319	0.00656026909099463	0.00163352771727675
2012	0.00741812731816479	0.000574866386253294	0.00838713438360756	0.0100854399718136	0.00826559816828849	0.0101813926272674	0.0066049607771649	0.0010363240356917
2012	0.0244440701387719	0.00044964796548525	0.0223115925420019	0.0172641592530609	0.0114253005151689	0.0131070801638385	0.0294729909322921	0.00142274994730556
2012	0.0592264247582577	0.000614708611043126	0.0577798769719139	0.0575178366951467	0.0457698912421294	0.0537741369221767	0.0595058040387171	0.00598960163001475
2012	0.00224984445307639	0.00040411399429687	0.00321547668415063	0.00281863824539769	0.00160274756725816	0.00304271503803394	0.0025097910075623	0.000105388884985597
2012	0.00600187687558652	0.000432572726289608	0.00680721846030734	0.00863207962653043	0.00583858042358329	0.00754827384435342	0.00564056123349054	0.000298601840792524
2012	0.0165618801755876	0.000609016864644579	0.0176791598159481	0.0100413987492293	0.0101202060675444	0.018724400234055	0.0157008950098204	0.000843111079884775
2012	0.009257190392872	0.000586249879050389	0.0102876705613637	0.00687043072315687	0.0104865483686319	0.0140433001755413	0.00819504392722312	0.000667462938242113
2012	0.0435256386017621	0.000609016864644579	0.0451213388677865	0.0739452127191051	0.0309559244419004	0.0407840842598011	0.0460324367553836	0.0295088877959671
2012	0.0236689136465355	0.00042688097989106	0.0231568641219311	0.0177045714789043	0.0192787635947338	0.0294324166179052	0.0189163442200713	0.00502353685098012
2012	0.0106476595773936	0.000893604184571952	0.013103696804529	0.0115388003170968	0.0149742415569548	0.028437682855471	0.0111588083785151	0.000491814796599452
2012	0.00538312668222709	0.000711468299818433	0.00658861374136015	0.00453624592618691	0.0089524899828277	0.0150380339379754	0.00556529102520376	0
2012	0.00525765789301809	0.000574866386253294	0.00596658395017402	0.00444816348101823	0.00691471093302805	0.00924517261556466	0.00429510626036435	0.0010363240356917
2012	0.00314359473237335	0.000677317821427148	0.00436613243206361	0.000572535893596406	0.00329708070978821	0.00415447630193095	0.00330012819457349	0.000579638867420783
2012	0.0632603322688538	0.000563482893456199	0.0619969607319681	0.0413106667841099	0.0479679450486548	0.0612638970157987	0.0580121608430263	0.00774608304644137
2012	0.00694890842153388	0.00049518193667363	0.00771078463195577	0.00352329780674712	0.00244991413852318	0.00491515506143944	0.00669199195549649	0.0000702592566570646
2012	0.00297687593027373	0.000671626075028601	0.00438004364145116	0.005196864264952	0.00192329708070979	0.00520772381509655	0.00338715937290508	0
2012	0.00863672144897545	0.000563482893456199	0.00950996771274545	0.005196864264952	0.0077389811104751	0.0115272088940901	0.00736471944205958	0
2012	0.209716784286495	0.000483798443876535	0.188159705983277	0.191271029683784	0.1039496279336	0.144997074312463	0.205901654768485	0.033724443195391
2012	0.00806437752011798	0.000648859089434411	0.0093867541438843	0.00902845062978948	0.00776187750429307	0.0147454651843183	0.00815505662907077	0.000158083327478395
2012	0.0254821954631861	0.000512257175869272	0.025340261557234	0.0205232097243019	0.0293989696622782	0.0467524868344061	0.0191539158149764	0.000263472212463992
2012	0.0346706358345737	0.000455339711883797	0.0313181069626265	0.0291552893508324	0.0212478534630796	0.0324751316559391	0.0276029966951674	0.00382912948781002
2012	0.00375546992358435	0.000352888276709943	0.00415547697562359	0.00343521536157844	0.00350314825414997	0.00462258630778233	0.00317781410610747	0.000526944424927984
2012	0.0038551574547367	0.000728543539014076	0.0054631306580532	0.00480049326169294	0.0081740125930166	0.00719719133996489	0.00491138109071236	0.00165109253144102
2012	0.00938953418422943	0.000563482893456199	0.0110044290640936	0.00792742006518101	0.00842587292501431	0.0154476301930954	0.00931939266350689	0.00105388884985597
2012	0.0135746917420912	0.000609016864644579	0.0160515483176048	0.0247952083149828	0.018248425872925	0.027735517846694	0.0154350970868077	0.0032143609920607
2012	0.0239301637281762	0.000529332415064914	0.0240822907654742	0.0211397868404827	0.0163480251860332	0.0179637214745465	0.0209345266797605	0.00356565727534603
2012	0.0157592236747574	0.000609016864644579	0.0167345224546793	0.00832379106844006	0.0102575844304522	0.0143943826799298	0.0147600174062357	0.00163352771727675
2012	0.00636625198945375	0.000489490190275082	0.00728616152636439	0.00352329780674712	0.00489982827704637	0.00532475131655939	0.00588518941042257	0.0000878240708213307
2012	0.0234523510788597	0.000574866386253294	0.0240498312769033	0.0187615608209284	0.0277275329135661	0.0418958455236981	0.0193914874098816	0.0020726480713834
2012	0.00426078258149456	0.000540715907862009	0.00551281354872302	0.00651810094248216	0.00366342301087579	0.00637799882972499	0.00499841226904395	0.000491814796599452
2012	0.0655393954810611	0.000552099400659104	0.0665790481288099	0.073548841715846	0.0500744132799084	0.0606787595084845	0.0663648017688499	0.060985034778332
2012	0.0176721930225603	0.000643167343035864	0.0189040086805947	0.0138289438914824	0.0181339439038351	0.0311878291398479	0.0155621155632917	0.00142274994730556
2012	0.0111151597234874	0.000665934328630054	0.0121491228651262	0.00444816348101823	0.00874642243846594	0.0136337039204213	0.0104413892057817	0.0010363240356917
2012	0.0106235970698741	0.000591941625448936	0.0118112792085714	0.0176605302563199	0.0157985117344018	0.0234640140433002	0.00978277488327237	0.00244150916883299
2012	0.0307467283583526	0.000523640668666367	0.0297580641955943	0.0296837840218444	0.0314825414997138	0.0537741369221767	0.0243122772766298	0.00291575915126818
2012	0.00900969031552822	0.000523640668666367	0.010060454141367	0.00876420329428345	0.0111047510017172	0.0163253364540667	0.00860432568478248	0.000632333309913581
2012	0.00206937564667989	0.000665934328630054	0.00298892270269626	0.00154144279045186	0.00263308528906697	0.00567583382094792	0.00272384066237783	0.000790416637391976
2012	0.0305593845498077	0.000546407654260557	0.0304072539670132	0.0218004051792478	0.0273840870062965	0.0330602691632534	0.0252272807461159	0.00324949062038924
2012	0.00853015891567466	0.00040411399429687	0.00873226486412723	0.00559323526821105	0.00661705781339439	0.0144528964306612	0.00698836840062568	0.000351296283285323
2012	0.52102031906885	0.000557791147057652	0.481629254345928	0.451158284153968	0.343171150543789	0.452837916910474	0.442473567219824	0.0908276540434202
2012	0.0295350092296904	0.000535024161463462	0.0308808975247321	0.0294635779089228	0.0206296508299943	0.028847279110591	0.0318886941794959	0.00528700906344411
2012	0.0147004733438979	0.00044964796548525	0.0150419919791941	0.0130802431075487	0.0160503720663995	0.0316559391456992	0.0115281028379221	0.00166865734560528
2012	0.105675658023643	0.000614708611043126	0.104145275422073	0.113053818373998	0.0732684602175157	0.0946167349327092	0.0981499994119515	0.0124183236141362
2012	0.00872953397797937	0.000683009567825696	0.0102366627936093	0.00876420329428345	0.0120663995420721	0.0234055002925688	0.00899714208427911	0.00152813883229115
2012	0.0200148500046406	0.000609016864644579	0.0205475187039522	0.0201708799436272	0.0182026330852891	0.0241076653013458	0.0175685370529361	0.0012471018056629
2012	0.00772234616323318	0.000637475596637316	0.00911515434155596	0.00801550251034969	0.00796794504865484	0.0113516676418958	0.00780928410975337	0.00158083327478395
2012	0.0373209491627966	0.000552099400659104	0.0384234227669528	0.0469479432749053	0.0391986262163709	0.0586892919836162	0.0313829724675691	0.00323192580622497
2012	0.00840469012646566	0.000734235285412623	0.0103194676113924	0.00422795736809654	0.00457927876359473	0.0114686951433587	0.00774107048349348	0.000386425911613855
2012	0.00352687610214878	0.000591941625448936	0.00453704157596779	0.00277459702281335	0.00519748139668002	0.0121123464014043	0.00361061780375645	0.0000878240708213307
2012	0.00608609565190489	0.000648859089434411	0.00727754982531496	0.00369946269708447	0.00680022896393818	0.0119953188999415	0.00585696308231503	0.0000702592566570646
2012	0.0146918795912124	0.000620400357441674	0.0158601035788905	0.0116268827622655	0.0218889524899828	0.0372147454651843	0.0120150069977772	0.00126466661982716
2012	0.00713109597846749	0.000683009567825696	0.00896279347683519	0.00805954373293403	0.00760160274756726	0.0126974839087185	0.00777400119961894	0.000720157380734912
2012	0.0154532860791519	0.000540715907862009	0.0160806956134645	0.0147538095657535	0.0152718946765884	0.0204798127559977	0.0131652298681595	0.00210777769971194
2012	0.0047729702415532	0.000574866386253294	0.00608781020340838	0.00629789482956047	0.00464796794504866	0.0105909888823874	0.00462441342161901	0.000439120354106654
2012	0.0173989116871599	0.00049518193667363	0.0173949736813167	0.0138729851140668	0.0187979393245564	0.0315389116442364	0.0143577922307032	0.00282793508044685
2012	0.00430031384384808	0.000335813037514301	0.00442906409357872	0.00118911300977715	0.00105323411562679	0.000409596255119953	0.00275441918449434	0.000210777769971194
2012	0.0524304851345266	0.000523640668666367	0.0512376339285123	0.0572095481370563	0.035695477962221	0.0612053832650673	0.0627236054429769	0.00964308297618211
2012	0.00723422101069407	0.000626092103840221	0.00855539377334268	0.00660618338765084	0.00554092730394963	0.00901111761263897	0.0070118903407153	0.000158083327478395
2012	0.0114245348201671	0.000574866386253294	0.0121265999546892	0.0137849026688981	0.00677733257012021	0.00877706260971328	0.0113658014513037	0.000386425911613855
2012	0.0197587561746113	0.000506565429470725	0.0203342134933432	0.0140051087818198	0.0136462507155123	0.0174370977179637	0.0160490197231468	0.00389938874446708
2012	0.00624250195078186	0.000523640668666367	0.0074564082317263	0.00506474059719898	0.00966227819118489	0.022878876535986	0.00633445846613429	0.00275767582378978
2012	0.010230003196876	0.000557791147057652	0.0112296581684634	0.00797146128776535	0.00892959358900973	0.0130485664131071	0.00934056240958754	0.000386425911613855
2012	0.0455761079925337	0.000478106697477987	0.0424854959081171	0.0338236589447723	0.0318946765884373	0.0443534230544178	0.0351982311501053	0.00551535164757957
2012	0.00947203421001069	0.000609016864644579	0.0106579737064894	0.00638597727472915	0.00892959358900973	0.0190754827384435	0.00980159243534407	0.00112414810651303
2012	0.00502390781997119	0.000591941625448936	0.00614875454929669	0.00669426583281952	0.0051287922152261	0.00784084259801053	0.00534888917637927	0.000632333309913581
2012	0.0162885988401871	0.000665934328630054	0.0189941003223426	0.0144895622302475	0.0179278763594734	0.0238736102984201	0.0179213661542804	0.012541277313286
2012	0.00270875084648464	0.000700084807021338	0.00394084688792997	0.00251034968730732	0.00437321121923297	0.00784084259801053	0.00336834182083338	0
2012	0.0132515666411146	0.000574866386253294	0.013895973301077	0.0186734783757597	0.00954779622209502	0.0110005851375073	0.0116457125383702	0.00235368509801166
2012	0.00545015795317436	0.000557791147057652	0.0064839484516824	0.00651810094248216	0.00402976531196337	0.00550029256875366	0.00522422289390429	0.000386425911613855
2012	0.00629922071850647	0.000546407654260557	0.00701588660112058	0.00286267946798203	0.00528906697195192	0.013458162668227	0.00570877485975043	0.000667462938242113
2012	0.0160135987542496	0.000580558132651842	0.0171816684707076	0.0184973134854224	0.0172180881511162	0.0266822703335284	0.014244886918273	0.000966064779034638
2012	0.00668593958935612	0.000557791147057652	0.00792938935090297	0.00713467805866291	0.00661705781339439	0.0114686951433587	0.00699307278864361	0.000649898124077847
2012	0.0192465685145527	0.00049518193667363	0.0196406403395925	0.0176164890337356	0.0140354894104179	0.0233469865418373	0.0160819504392722	0.00277524063795405
2012	0.0271081334712917	0.000529332415064914	0.0283550193630786	0.0409583370034352	0.0209959931310819	0.0353423054417788	0.0248227033765745	0.00266985175296845
2012	0.00336015730004916	0.000569174639854747	0.00450325721031231	0.00590152382630142	0.00524327418431597	0.00766530134581627	0.00358709586366684	0.0000878240708213307
2012	0.0136520355162611	0.000665934328630054	0.0155441203942304	0.020787457059808	0.0118145392100744	0.0152135751901697	0.0125771813659191	0.00175648141642661
2012	0.0320890725278352	0.000643167343035864	0.036887227787442	0.0266008984409407	0.0159358900973097	0.0157401989467525	0.0421630776106413	0.00825546265720509
2012	0.00653468954209048	0.000517948922267819	0.0070377470730153	0.00854399718136175	0.00563251287922152	0.00468110005851375	0.0054453291307467	0.000913370336541839
2012	0.00148843796513686	0.000870837198977763	0.00298296075581588	0.00308288558090373	0.00290784201488266	0.0042715038033938	0.00258976560386701	0.00077285182322771
2012	0.00807984627495196	0.000620400357441674	0.00955103890236583	0.00924865674271118	0.00455638236977676	0.00462258630778233	0.00873840074329331	0.000491814796599452
2012	0.0176257867580584	0.000535024161463462	0.018501246046898	0.0166035409142958	0.0174928448769319	0.0291398478642481	0.0147623696002446	0.00105388884985597
2012	0.0447665764895552	0.000455339711883797	0.0421960102651477	0.0274376816700432	0.0447853463079565	0.0616734932709187	0.0337398708645489	0.00252933323965432
2012	0.00670656459580144	0.000688701314224243	0.00815793064798413	0.010525852197657	0.00883800801373784	0.017203042715038	0.00696014207251814	0.000175648141642661
2012	0.0439982949994672	0.000432572726289608	0.0409645370150784	0.0368184620805074	0.0342301087578706	0.0685781158572265	0.0335563997318499	0.00319679617789644
2012	0.0000825000257812581	0.000842378466985025	0.00135004974913452	0.00334713291640976	0.00176302232398397	0.00105324751316559	0.00125607160078563	0
2012	0.00983297182280369	0.000586249879050389	0.0109918427317906	0.00907249185237382	0.00959358900973097	0.0179052077238151	0.00925823561927388	0.000298601840792524
2012	0.0126551602047376	0.000540715907862009	0.0134316038829498	0.0186294371531754	0.0105323411562679	0.013867758923347	0.0192127206652005	0.00100119440736317
2012	0.0113231285384777	0.000489490190275082	0.0113886434186068	0.00823570862327138	0.00725815684029765	0.011644236395553	0.00815976101708869	0.000966064779034638
2012	0.0290468840771513	0.000540715907862009	0.030281390643983	0.0238703426407117	0.0204922724670864	0.0375658279695728	0.0318745810154422	0.00288062952293965
2012	0.0248703202719751	0.000546407654260557	0.0267625171074754	0.0305205672509469	0.0223239839725243	0.0248683440608543	0.0249897091512108	0.00511136092180145
2012	0.0101423469194834	0.000563482893456199	0.0111501655433917	0.0099533163040606	0.00778477389811105	0.007489760093622	0.00948404624413422	0.00077285182322771
2012	0.00938094043154388	0.000540715907862009	0.0111620894371525	0.0156786752400247	0.00840297653119634	0.0165593914569924	0.00997800698601621	0.00135249069064849
2012	0.0149771921803726	0.000552099400659104	0.0155249096765048	0.0134325728882234	0.00995993131081855	0.014569923932124	0.0136709515800863	0.00131736106231996
2012	0.00672547085170964	0.000569174639854747	0.00805459023539091	0.00933673918787986	0.00693760732684602	0.00994733762434172	0.00698836840062568	0.000807981451556243
2012	0.00903719032412198	0.000387038755101228	0.00925294155834692	0.00902845062978948	0.00799084144247281	0.0137507314218841	0.00770578757335905	0.00375887023115295
2012	0.00462000144375045	0.000512257175869272	0.00570492072597965	0.00264247335506034	0.00206067544361763	0.00590988882387361	0.00522187069989533	0.00277524063795405
2012	0.00796468998896562	0.000517948922267819	0.00883494283817819	0.00889632696203647	0.00858614768174013	0.0152720889409011	0.0085972691027556	0.000474249982435186
2012	0.0739492418591381	0.000563482893456199	0.071237315958012	0.0577820840306527	0.0420377790497997	0.0526038619075483	0.0855516482999518	0.0175121197217733
2012	0.00647109577221743	0.000478106697477987	0.00738022779936591	0.00982119263630758	0.00547223812249571	0.00836746635459333	0.00690604161031202	0.00101875922152744
2012	0.0129250040390638	0.000512257175869272	0.0134965228600917	0.0141372324495728	0.0168517458500286	0.0247513165593915	0.0103731755795218	0.000403990725778121
2012	0.00725140851606516	0.000677317821427148	0.00873955168809214	0.00687043072315687	0.0116771608471666	0.0205383265067291	0.00683547579004316	0.000193212955806928
2012	0.0215771942428732	0.000563482893456199	0.0226361874277114	0.0194662203822778	0.0320549513451631	0.0482738443534231	0.0218024862690675	0.00168622215976955
2012	0.00328281352587923	0.000734235285412623	0.00463044541042705	0.00330309169382542	0.00352604464796795	0.00743124634289058	0.00388817669681395	0.000263472212463992
2012	0.0155907861221207	0.000563482893456199	0.0161456145906064	0.0148859332335066	0.00572409845449342	0.00977179637214745	0.0144471756030437	0.0034251387620319
2012	0.0174401617000505	0.000580558132651842	0.0185555660073637	0.0197304677177838	0.0133943903835146	0.0196606202457578	0.0156091594434709	0.000439120354106654
2012	0.0684853339016668	0.000552099400659104	0.0672977939471665	0.0685281423412314	0.0435947338294219	0.0559391456992393	0.0684300281087184	0.010556453312724
2012	0.033498447968265	0.000529332415064914	0.0336604896480729	0.0303884435831939	0.0256897538637665	0.0248683440608543	0.0322485798628671	0.0034251387620319
2012	0.065506739220856	0.000557791147057652	0.0647831772407315	0.0441293050295076	0.0576989124212936	0.064774722059684	0.0564455996330577	0.0222546195461252
2012	0.0368586052683141	0.000546407654260557	0.0367037323112348	0.0292433717960011	0.0211333714939897	0.0272088940901112	0.0683876886165571	0.0076758237897843
2012	0.0301915719348662	0.000517948922267819	0.0299263235853294	0.0247952083149828	0.0173096737263881	0.0231714452896431	0.0259423477248403	0.00263472212463992
2012	0.0480218900068406	0.000432572726289608	0.0438176598166105	0.0253677442085792	0.0261705781339439	0.0267992978349912	0.0344267115151658	0.00360078690367456
2012	0.0266629770821803	0.000626092103840221	0.02913073489607	0.0242667136439708	0.0274069834001145	0.0346986541837332	0.0254154562668329	0.00142274994730556
2012	0.23060304081345	0.000609016864644579	0.236184512981808	0.232053201796882	0.188986834573555	0.230427150380339	0.248572806285062	0.0386250263472212
2012	0.0183012557191424	0.000517948922267819	0.0187165385731339	0.0201268387210429	0.0105323411562679	0.0114686951433587	0.0148917402707375	0.00224829621302607
2012	0.0248600077687524	0.000540715907862009	0.025864250444165	0.0255439090989166	0.0186376645678306	0.0263311878291398	0.0237853858186223	0.00258202768214712
2012	0.0931270603522064	0.000535024161463462	0.0893079769524382	0.0741654188320268	0.0664224384659416	0.0857226448215331	0.0830348007103626	0.0135600365348135
2012	0.125611445503577	0.000591941625448936	0.129710766083677	0.110895798467365	0.0841900400686892	0.0859566998244587	0.118428263963212	0.0153692123937329
2012	0.0261971956866237	0.000540715907862009	0.0271586553557494	0.0317537214833084	0.0163938179736691	0.023990637799883	0.0257965116962847	0.00530457387760837
2012	0.0716718973974679	0.000500873683072177	0.0684610360273826	0.0641240200827975	0.0470749856897539	0.0533645406670568	0.0557869853105484	0.00630576828497155
2012	0.0236156323798851	0.000535024161463462	0.0240299581206354	0.0193781379371091	0.0159358900973097	0.0186073727325922	0.0191139285168241	0.00312653692123937
2012	0.029026259070706	0.000483798443876535	0.0284278876027277	0.0199947150532899	0.013943903835146	0.0153306026916325	0.0232255636444894	0.00316166654956791
2012	0.91802419313256	0.000586249879050389	0.828258833286742	0.682110455386241	0.524006868918145	0.628437682855471	0.779279522975055	0.32909435818169
2012	0.0345125107851596	0.000552099400659104	0.0343951339914439	0.0310931031445433	0.0180881511161992	0.0283206553540082	0.0294235948581039	0.00265228693880419
2012	0.0249665703020532	0.000489490190275082	0.0252422206529789	0.0199066326081212	0.0149742415569548	0.0198946752486834	0.0234302045232691	0.00368861097449589
2012	0.107593783623057	0.000591941625448936	0.113536004197211	0.10028186382454	0.0416943331425301	0.0344060854300761	0.120284145036283	0.0236422398651022
2012	0.0531712666160208	0.000489490190275082	0.0498200154480668	0.0335153703866819	0.0415569547796222	0.0517261556465769	0.041996071836005	0.00744748120564884
2012	0.0919978412493254	0.000574866386253294	0.0949950118377768	0.0740773363868581	0.0639496279336005	0.076009362200117	0.0946075952344549	0.0129628328532284
2012	0.0183871932459979	0.000535024161463462	0.0186728176293444	0.0211397868404827	0.0138523182598741	0.017203042715038	0.0154209839227539	0.00177404623059088
2012	0.796197436311699	0.000626092103840221	0.757617712016768		0.492386949055524	0.544763019309538	0.783647547249697	0.177228974917445
2012	0.0267815708692409	0.000523640668666367	0.0277899592865272	0.0277900114507179	0.0152261018889525	0.0207138677589233	0.0259823350229927	0.00388182393030282
2012	0.0190935997167499	0.000552099400659104	0.0198009504668204	0.0148418920109222	0.0155237550085861	0.0181977764774722	0.0178061086478413	0.00189699992974074
2012	0.0581762681800838	0.000603325118246031	0.0612331690927374	0.0456267065973751	0.0263995420721236	0.0167934464599181	0.0560057393533819	0.00952012927703225
2012	0.106399251999766	0.000512257175869272	0.101515394409284	0.0934554743239672	0.0625529479107041	0.0776477472205968	0.121594317099274	0.0360956931075669
2012	0.0258362580738306	0.000569174639854747	0.0260954414954153	0.0208314982823923	0.0126159129937035	0.022878876535986	0.0217907252990227	0.00145787957563409
2012	0.559018455943267	0.000591941625448936	0.519116651452662	0.52100766317273	0.325884373211219	0.448800468110006	0.515866724687452	0.0725602473125834
2012	0.0508165783801807	0.000478106697477987	0.0483732496717617	0.0539064564432309	0.0196908986834574	0.0216500877706261	0.0462064991120468	0.00405747207194548
2012	0.018985318432912	0.000586249879050389	0.0196479271635574	0.0296397427992601	0.0129822552947911	0.0174370977179637	0.0224587483975678	0.00237124991217593
2012	0.00953562797988374	0.000552099400659104	0.0102015535508693	0.00924865674271118	0.00494562106468231	0.0102984201287303	0.00761169981300058	0.000632333309913581
2012	0.0178320368225115	0.000500873683072177	0.0181461789882444	0.021183828063067	0.00819690898683457	0.00994733762434172	0.0169122749244358	0.00173891660226235
2012	0.0278317274474148	0.000500873683072177	0.0283669432568393	0.0218004051792478	0.0257126502575844	0.0318899941486249	0.0248203511825655	0.00244150916883299
2012	0.0185384432932635	0.000489490190275082	0.0188841355243267	0.0175724478111512	0.0112421293646251	0.0122878876535986	0.0167946652239877	0.00175648141642661
2012	0.0196057873768086	0.00108712356212257	0.0274719887862404	0.0258081564344226	0.0176989124212936	0.0157401989467525	0.022512848859774	0.00370617578866016
2012	0.0376354805110877	0.000529332415064914	0.0387394059516128	0.039240729322646	0.0266056096164854	0.0247513165593915	0.0359062415468028	0.00428581465608094
2012	0.0217164130363791	0.000489490190275082	0.0216306057205543	0.0231216418567779	0.0167143674871208	0.0222352252779403	0.0184294400602162	0.00259959249631139
2012	0.0478362649488328	0.000483798443876535	0.0443734457535702	0.0318858451510614	0.029582140812822	0.0494441193680515	0.0376939089936138	0.0054977868334153
2012	0.0373089179090368	0.000574866386253294	0.0379378553154731	0.0350127719545495	0.0197824842587292	0.0229373902867174	0.0377738835899185	0.00367104616033162
2012	0.160897394030436	0.000523640668666367	0.150233774561565	0.0914295780850876	0.0712306811677161	0.0641310708016384	0.131454714384842	0.0217452399353615
2012	0.0398990749684609	0.000609016864644579	0.0408492727087244	0.0266008984409407	0.0400915855752719	0.0475131655939146	0.0345231514695332	0.00307384247874657
2012	0.108289877590587	0.000546407654260557	0.107650237749193	0.0957896591209372	0.0754207212364053	0.0919251023990638	0.104065767344491	0.0158610271903323
2012	0.0296896967780302	0.000535024161463462	0.0299296357780407	0.0307848145864529	0.0138065254722381	0.0118197776477472	0.0256318581156574	0.00335487950537483
2012	0.19871334334792	0.000540715907862009	0.192921314225073	0.148374878886638	0.146353749284488	0.158747805734348	0.187462805932233	0.107215625658681
2012	0.305660876769024	0.000574866386253294	0.285729616434835	0.263190346164009	0.190978820835718	0.236746635459333	0.290387759182377	0.0376238319398581
2012	0.0240676637711449	0.000569174639854747	0.0249500852558404	0.0185413547080067	0.0167830566685747	0.0201287302516091	0.0245569054535618	0.00272254619546125
2012	0.167894427467009	0.000517948922267819	0.152957721847356	0.11226107636748	0.106514024041214	0.130017554125219	0.137960883013631	0.0432797021007518
2012	0.0411812628691446	0.00047241495107944	0.0398224929682149	0.0328987932705012	0.0337950772753291	0.0392627267407841	0.0352405706422666	0.00463711093936626
2012	0.110852534641417	0.000574866386253294	0.1131173430385	0.0909451246366599	0.0576073268460218	0.0488589818607373	0.10816799369612	0.0155272957212113
2012	0.0151628172383804	0.000512257175869272	0.0154003712305591	0.00990927508147626	0.0125014310246136	0.0207138677589233	0.0124078233972738	0.000632333309913581
2012	0.0256764142738795	0.000569174639854747	0.0266552020636285	0.0323702985994891	0.0128219805380653	0.0181392627267408	0.0239006433250615	0.00244150916883299
2012	0.0695217404755439	0.000517948922267819	0.0670924379990646	0.0428080683519775	0.0446250715512307	0.0587478057343476	0.0582685499900032	0.00899318485210427
2012	0.00910078409399503	0.000489490190275082	0.00950599308149186	0.00797146128776535	0.00375500858614768	0.0061439438267993	0.00722593999553083	0.0000878240708213307
2012	0.381761994300623	0.000500873683072177	0.34132145890165	0.30582224962565	0.223102461362335	0.297366881217086	0.354772013595681	0.076161034216258
2012	0.00944453420141694	0.000409805740695418	0.00972857243169265	0.0075750902845063	0.00819690898683457	0.0141018139262727	0.00798334646641655	0.00077285182322771
2012	0.0210701628344259	0.000546407654260557	0.0226858703183812	0.0308728970316216	0.0202404121350887	0.0237565827969573	0.0202829689392781	0.00133492587648423
2012	0.0570797053374079	0.000506565429470725	0.0554871771771374	0.0513520655333392	0.0337721808815112	0.0347571679344646	0.0513530996036553	0.00381156467364575
2012	0.00692312716347724	0.000557791147057652	0.00789957961650108	0.0031709680260724	0.00815111619919863	0.00702165008777063	0.00635092382419702	0.00068502775240638
2012	0.0290675090835966	0.00038134700870268	0.0267664917387289	0.0201268387210429	0.0119519175729823	0.0145114101813926	0.0208122125912945	0.00203751844305487
2012	0.0119006287189465	0.000517948922267819	0.0127433302375372	0.0146216858980005	0.00794504865483686	0.0117612638970158	0.0112552483328825	0.00128223143399143
2012	0.0221925069351584	0.000569174639854747	0.0235980481910791	0.0203030036113803	0.0201030337721809	0.0248098303101229	0.0219883095957755	0.00288062952293965
2012	0.0316593848935578	0.000586249879050389	0.0339367265201971	0.0362899674094953	0.0303377218088151	0.0401989467524868	0.0328013454549731	0.00609499051500035
2012	0.0171084428463884	0.000603325118246031	0.0185668274625822	0.013256407997886	0.0256668574699485	0.027325921591574	0.0159337622167076	0.00165109253144102
2012	0.103537532355479	0.000552099400659104	0.102135436884843	0.0782612525323703	0.0659874069834001	0.0953774136922177	0.114403660013878	0.0162298882877819
2012	0.0268468833896511	0.000546407654260557	0.0275806287071717	0.0163833348013741	0.0195993131081855	0.017612638970158	0.0249497218530584	0.00158083327478395
2012	0.0211526628602071	0.000546407654260557	0.0224526919515042	0.0219325288470008	0.0104865483686319	0.0126974839087185	0.0212685382290331	0.000316166654956791
2012	0.0822594007060627	0.000506565429470725	0.0774973601824091	0.0611292169470624	0.0484487693188323	0.0717963721474547	0.0693497359662225	0.00890536078128293
2012	0.0467328271040085	0.000580558132651842	0.0472371675717785	0.0416629965647846	0.0442587292501431	0.0586307782328847	0.0441271596081245	0.0107321014543666
2012	0.0397529811728066	0.000512257175869272	0.0388765307298615	0.0373469567515194	0.0221637092157985	0.0295494441193681	0.0355110729532972	0.00344270357619616
2012	0.0494897029655322	0.000620400357441674	0.0500717420941272	0.0439090989165859	0.0651631368059531	0.109830310122879	0.0455667023416091	0.00319679617789644
2012	0.036291417591068	0.000489490190275082	0.03562859455714	0.0227693120761032	0.0176531196336577	0.0231714452896431	0.0357321791901396	0.00298601840792524
2012	0.0300970406553252	0.000591941625448936	0.0321739775592319	0.02365013652779	0.0174470520892959	0.0205383265067291	0.031825184941254	0.00314410173540364
2012	0.25699273656023	0.000535024161463462	0.242853944225324	0.210561085175724	0.154092730394963	0.190754827384435	0.227727662977642	0.024485350944987
2012	0.379018868443396	0.000552099400659104	0.353214880489463	0.291200563727649	0.214722381224957	0.243592744294909	0.333893939572136	0.0592461181760697
2012	0.147785046182827	0.000523640668666367	0.136327202243812	0.09460054611116	0.0923182598740698	0.108016383850205	0.111632775471321	0.0145436661280124
2012	0.0610534565792052	0.000552099400659104	0.0603931970211464	0.0444816348101823	0.0350543789353177	0.0303101228788765	0.0497277335434627	0.00602473125834329
2012	0.0297979780618681	0.000631783850238769	0.0323561481583546	0.036906544525676	0.0146536920435031	0.0161497952018724	0.0322932715490374	0.00367104616033162
2012	0.0180812556503924	0.000569174639854747	0.0187059395564576	0.0129481194397956	0.00760160274756726	0.00649502633118783	0.0172204123396098	0.00126466661982716
2012	0.007797971186866	0.000517948922267819	0.00869848049847175	0.0135206553333921	0.00764739553520321	0.0114101813926273	0.00783045385583403	0.000193212955806928
2012	0.12907644658639	0.000626092103840221	0.137445398503154	0.125605566810535	0.0721007441327991	0.0809830310122879	0.141308055088384	0.0252230731398862
2012	0.0415920442475138	0.000489490190275082	0.039667482349325	0.0302122786928565	0.02779622209502	0.0358104154476302	0.034723087960295	0.0032670554345535
2012	0.0714622098319406	0.000603325118246031	0.0733379085755319	0.0685281423412314	0.0441900400686892	0.0461673493270919	0.0677643572041822	0.00690297196655659
2012	0.0245042264075708	0.000489490190275082	0.0241180624467565	0.0226812296309346	0.0239725243274184	0.0283791691047396	0.0210168534700742	0.00216047214220474
2012	0.0825223695382405	0.000517948922267819	0.0786387417907304	0.062758742182683	0.0398168288494562	0.0529549444119368	0.0997330259799828	0.0121372865875079
2012	0.0146179733181167	0.00049518193667363	0.0146140566808914	0.0138289438914824	0.0080824270177447	0.0093622001170275	0.0132428522704553	0.00122953699149863
2012	0.0644789263996645	0.000512257175869272	0.0642068557089616	0.0558883114595261	0.0503262736119061	0.0641310708016384	0.0592729368318299	0.0168622215976955
2012	0.89996528123915	0.000512257175869272	0.787649363330317	0.626045979036378	0.372959358900973	0.41357519016969	0.70429393016336	0.140694161455772
2012	0.0480356400111375	0.000443956219086703	0.0448715995373529	0.0286267946798203	0.0205609616485404	0.0249853715623171	0.0326061133522293	0.00295088877959671
2012	0.120207693814904	0.000483798443876535	0.110356961632885	0.0846472298070994	0.0570578133943904	0.0586892919836162	0.0873369635527538	0.0167919623410384
2012	0.0333145416607943	0.000478106697477987	0.0323978817865173	0.0252796617634106	0.0135088723526045	0.0207138677589233	0.0238888823550166	0.00310897210707511
2012	0.263314301035719	0.000574866386253294	0.263784352406705	0.233506562142165	0.183674871207785	0.175073142188414	0.252174015312783	0.268091758589194
2012	0.0871647147389734	0.000512257175869272	0.0818045355842112	0.0608649696115564	0.0465025758443045	0.0576360444704506	0.064381902219295	0.00725426824984192
2012	0.0406811064628458	0.000557791147057652	0.0407903156784629	0.0316656390381397	0.031345163136806	0.0310122878876536	0.0316793489126983	0.00430337947024521
2012	0.393863716832412	0.000643167343035864	0.408305256979784	0.291464811063155	0.274138523182599	0.172322995904037	0.369078057558187	0.11548865313005
2012	0.123906444970764	0.000512257175869272	0.118444673795389	0.0950409583370034	0.0449914138523183	0.0581626682270334	0.111588083785151	0.0147368790838193
2012	0.0992165935051855	0.000466723204680892	0.0893967437171016	0.0584867435920021	0.0431825987406983	0.0548273844353423	0.0760511366977548	0.00934448113538959
2012	0.00242000075625024	0.000478106697477987	0.00318500451120647	0.00127719545494583	0.00203777904979966	0.00362785254534816	0.00216637068225387	0.000474249982435186
2012	0.0437937636855512	0.000483798443876535	0.0424563486122575	0.0331630406060072	0.0327647395535203	0.0270333528379169	0.0326649182024533	0.00981873111782477
2012	0.095820342443857	0.000466723204680892	0.0900830300468874	0.0595877741566106	0.0225071551230681	0.022878876535986	0.144041304526797	0.0237651935642521
2012	0.314560567050177	0.000614708611043126	0.321356223676348	0.292257553069673	0.162724670864339	0.0987126974839087	0.321918919872511	0.0978184500807981
2012	0.025544070482522	0.00049518193667363	0.0250891973497159	0.021183828063067	0.010417859187178	0.0125219426565243	0.0246204146918038	0.00289819433710391
2012	0.054413923254351	0.000466723204680892	0.0508931658865349	0.0404738835550075	0.021705781339439	0.0279695728496197	0.0383219447940066	0.0104159347994098
2012	0.0249390702934595	0.000483798443876535	0.0241578087592924	0.0140931912269885	0.013028048082427	0.018314803978935	0.026149340797629	0.0033724443195391
2012	0.0433743885544964	0.00047241495107944	0.0416826203948929	0.0359376376288206	0.0219118488838008	0.0291983616149795	0.0445787808578452	0.0078866015597555
2012	0.0592212685066464	0.000500873683072177	0.0560310392203363	0.0475645203910861	0.0246136233543217	0.029959040374488	0.0491608547873029	0.00741235157732031
2012	0.161562550488297	0.000461031458282345	0.146840101909545	0.106007222760504	0.0561648540354894	0.0622001170275015	0.139311042374775	0.0484261926508818
2012	0.184284432588885	0.000552099400659104	0.172747410858958	0.173434334537127	0.127647395535203	0.139613809245173	0.153132534371435	0.0942176631771236
2012	0.352764953989048	0.000660242582231506	0.355022012832759	0.329692592266361	0.257332570120206	0.231129315389116	0.370381173039152	0.0866120986439963
2012	0.0220945381545432	0.000461031458282345	0.0208164687521115	0.00885228573945213	0.0111047510017172	0.0111176126389702	0.015729121337928	0.00137005550481276
2012	0.186020370631366	0.000563482893456199	0.177218208580699	0.141108077160222	0.118351459645106	0.119075482738444	0.173312006774319	0.0445619335347432
2012	0.0927334664792083	0.000506565429470725	0.0876161089154954	0.0593235268211046	0.0668345735546651	0.081685196021065	0.0650710950639209	0.0102578514719314
2012	0.00203156313486348	0.000722851792615528	0.00329430687068007	0.00251034968730732	0.00272467086433887	0.00251609128145114	0.00269090994625237	0.00224829621302607
2012	0.0984294057591893	0.000552099400659104	0.0970942795782121	0.0868492909363164	0.043457355466514	0.0411351667641896	0.078198689827937	0.0247136935291225
2012	0.00893234654135829	0.000478106697477987	0.00966431589309302	0.00779529639742799	0.00588437321121923	0.00778232884727911	0.00744939842638221	0.000825546265720509
2012	0.0229332884166526	0.000517948922267819	0.0226567230225216	0.0220206112921695	0.014745277618775	0.0133996489174956	0.018935161772143	0.00333731469121057
2012	0.0276821961506863	0.000483798443876535	0.0269334262513795	0.0232978067471153	0.0181110475100172	0.0214745465184318	0.0221811895045103	0.00512892573596571
2012	0.0579339243543514	0.000478106697477987	0.0549678253600022	0.0404298423324231	0.0261476817401259	0.0248683440608543	0.0582003363637433	0.0065868053115998
2012	0.0301417281692901	0.000506565429470725	0.0292744840597414	0.0206112921694706	0.0152489982827705	0.0141603276770041	0.0216096063603326	0.0033724443195391
2012	0.01459219206006	0.000574866386253294	0.0160071649352731	0.0113626354267594	0.0065254722381225	0.00965476887068461	0.0122925658908347	0.00370617578866016
2012	0.146745202107876	0.000523640668666367	0.136415306569933	0.0925746498722805	0.0798397252432742	0.064072557050907	0.122431698166465	0.0505339703505937
2012	0.3309110409097	0.000603325118246031	0.334658652043557	0.342728794151326	0.178156840297653	0.162375658279696	0.299095581403554	0.247839527857795
2012	0.0617650193015685	0.000506565429470725	0.0583946199391351	0.0362459261869109	0.0389925586720092	0.0442949093036864	0.0477589471579616	0.00509379610763718
2012	0.088288777590243	0.000512257175869272	0.0859103296691649	0.0757949440676473	0.0427475672581568	0.0444704505558806	0.0722123560751291	0.0822735895454226
2012	0.227779133680979	0.000586249879050389	0.225486792962783	0.209548137056285	0.172799084144247	0.154125219426565	0.205581756383266	0.2753635916532
2012	0.223822569944553	0.000512257175869272	0.204464968262569	0.15722716462609	0.138065254722381	0.144763019309538	0.172761593376222	0.0559263682990234
2012	0.0785468995459061	0.000478106697477987	0.0735545259788523	0.0687043072315687	0.052135088723526	0.0656524283206553	0.0650428687358133	0.0107672310826951
2012	0.0285621964256864	0.000432572726289608	0.0267280703032776	0.0306086496961156	0.0171951917572982	0.0207138677589233	0.023437261105296	0.00591934237335769
2012	0.0783973682491776	0.000478106697477987	0.0724038702309393	0.0541266625561526	0.0395649685174585	0.0454651843183148	0.0634692509438178	0.0101348977727816
2012	0.031240009762503	0.000529332415064914	0.030441700771211	0.0218004051792478	0.01740125930166	0.0192510239906378	0.0214049654815529	0.00353052764701749
2012	0.100586437683262	0.000643167343035864	0.109658751409338	0.0869373733814851	0.106056096164854	0.105968402574605	0.111910334364378	0.057349118246329
2012	0.528184071307522	0.000591941625448936	0.516144289713522	0.396591209371972	0.293692043503148	0.18314803978935	0.485671610194409	0.136039485702241
2012	0.0111581284869152	0.00047241495107944	0.0115025828478763	0.00977715141372324	0.0047853463079565	0.00421299005266238	0.00926058781328284	0.00526944424927984
2012	0.191582247369452	0.000563482893456199	0.189272602734281	0.156346340174403	0.137469948483114	0.111234640140433	0.180276853234855	0.138779596711867
2012	0.0660756456486393	0.000415497487093965	0.0594830064640753	0.0441293050295076	0.0301087578706354	0.0307197191339965	0.0431627600644501	0.0134722124639921
2012	0.0298787593371123	0.000466723204680892	0.0298653792394411	0.0275257641152118	0.0187292501431025	0.0228203627852545	0.0224093523233796	0.00576125904587929
2012	0.996416405130127	0.000825303227789383	0.977932184841551	0.978595965824011	0.981270749856898	0.988589818607373	1	0.967030843813672
2012	0.0364443863888707	0.000563482893456199	0.0376278340776934	0.0246630846472298	0.0346422438465942	0.0237565827969573	0.0334975948816258	0.0191983418815429
2012	0.010795472123585	0.000500873683072177	0.0113065010393661	0.00801550251034969	0.00792215226101889	0.0115272088940901	0.00875016171333812	0.0011944073631701
2012	0.101999250624766	0.000455339711883797	0.0931030873610701	0.0786576235356293	0.0525472238122496	0.0529549444119368	0.0697002128735578	0.0147720087121478
2012	0.0233389135434105	0.000569174639854747	0.0245678582169539	0.026512815995772	0.0149513451631368	0.0190754827384435	0.0235407576416903	0.00533970350593691
2012	0.0502150156921924	0.000535024161463462	0.0486157021782304	0.0327226283801638	0.0229650829994276	0.0225863077823288	0.0353111364625354	0.006797583081571
2012	0.00275000085937527	0.000654550835832959	0.00390242545247865	0.00171760768078922	0.00384659416141958	0.00286717378583967	0.00240864666517694	0.000790416637391976
2012	0.0281239150387235	0.000517948922267819	0.0282059706910691	0.0141372324495728	0.0190040068689181	0.0197191339964892	0.0211956202147553	0.00354809246118176
2012	0.028053446266702	0.00038134700870268	0.0264915797436893	0.0248392495375672	0.018225529479107	0.0249268578115857	0.0232232114504804	0.00224829621302607
2012	0.0249682890525903	0.000409805740695418	0.0234986824097394	0.0165154584691271	0.00739553520320549	0.00678759508484494	0.027939360438449	0.0107847958968594
2012	0.0373811054315954	0.000466723204680892	0.0353490454923044	0.0238263014181274	0.0207670291929021	0.0270333528379169	0.0271137403413034	0.00490058315183025
2012	0.0286636027073758	0.000443956219086703	0.0269148779721961	0.0175284065885669	0.016508299942759	0.0188414277355178	0.0196619897209122	0.00384669430197429
2012	0.143252701016469	0.000512257175869272	0.13433127491597	0.0959658240112746	0.0726731539782484	0.0775892334698654	0.114048478718525	0.0166690086418886
2012	0.0316937599043	0.000557791147057652	0.032176627313401	0.0172641592530609	0.0249799656554093	0.0182562902282036	0.0243875474849166	0.0121372865875079
2012	0.261745081795338	0.000443956219086703	0.236003004821228	0.14220910772483	0.0995306239267315	0.106495026331188	0.187618050736825	0.0278577952645261
2012	0.017636099261281	0.000500873683072177	0.0180342268746017	0.0144895622302475	0.00881511161991986	0.00713867758923347	0.0150305197172663	0.00200238881472634
2012	0.287636339886356	0.000529332415064914	0.282329319397393	0.207786488152911	0.181637092157985	0.179169104739614	0.245413809731027	0.144979976111853
2012	0.0232203197563499	0.000438264472688155	0.0213954400380505	0.0129481194397956	0.0196908986834574	0.0186073727325922	0.0154962541310407	0.00498840722265158
2012	0.0632036135011292	0.000597633371847484	0.0618578486380926	0.0517484365365983	0.0344132799084144	0.0333528379169105	0.0704152798522822	0.0295791470526242
2012	0.109919253099767	0.000540715907862009	0.0917378015254635	0.10261604862151	0.0301545506582713	0.0250438853130486	0.0678019923083256	0.0600014051851331
2012	0.0104414095129405	0.000415497487093965	0.0104678538448595	0.0049766581520303	0.00954779622209502	0.0143358689291984	0.00820915709127689	0.000966064779034638
2012	0.00687672089897528	0.000552099400659104	0.00820032671468904	0.00510878181978332	0.00595306239267315	0.00620245757753072	0.00597692497677208	0.00133492587648423
2012	0.0204651626453633	0.000512257175869272	0.02037131005171	0.0118911300977715	0.0126617057813394	0.0137507314218841	0.018380043986028	0.002178036956369
2012	0.00881031525322352	0.00049518193667363	0.00972526023898133	0.00581344138113274	0.00854035489410418	0.00977179637214745	0.00794806355628212	0.00105388884985597
2012	0.158496299530094	0.000552099400659104	0.136342438330284	0.131595173082005	0.0396565540927304	0.0244587478057343	0.105072506380326	0.087051218998103
2012	0.0473017335317917	0.000461031458282345	0.046167991764564	0.0355853078481459	0.0397939324556382	0.041193680514921	0.0360450209933315	0.00829059228553362
2012	0.00211750066171896	0.000369963515905586	0.00291340470887813	0.00391966881000617	0.00146536920435031	0.00257460503218256	0.001726510402578	0
2012	0.0451017328442915	0.000512257175869272	0.0452438899981054	0.0279661763410552	0.0307269605037207	0.0297249853715623	0.0378961976783845	0.0077812126747699
2012	0	0	0	0	0	0	0	0
2012	0.00290125090664091	0.000461031458282345	0.00386864108682317	0.00206993746146393	0.00125930165998855	0.000702165008777063	0.00296846883930987	0.000597203681585049
2012	0.0207040689700216	0.000483798443876535	0.0215285901850456	0.0111864705364221	0.0135775615340584	0.0129900526623757	0.0178672656920743	0.00346026839036043
2012	0.0119985974995617	0.00042688097989106	0.0112939147070631	0.0109222232009161	0.0117916428162564	0.017612638970158	0.00938290190174886	0.000807981451556243
2012	0.00902859657143643	0.000546407654260557	0.00976434411297492	0.00982119263630758	0.0174470520892959	0.0217671152720889	0.0088865889658579	0.0011417129206773
2012	0.0147950046234389	0.000500873683072177	0.0151387080063647	0.0162512111336211	0.00941041785918718	0.0128145114101814	0.0108389099932962	0.000210777769971194
2012	0.00851125265976646	0.000295970812724468	0.00834275100127586	0.0104818109750727	0.00663995420721236	0.0113516676418958	0.00717889611535159	0.00140518513314129
2012	0.00336187605058627	0.000438264472688155	0.00403955023072734	0.00753104906192196	0.00370921579851173	0.00532475131655939	0.00444329448292895	0.000702592566570646
2012	0.035758604924564	0.000546407654260557	0.035849186591714	0.0242226724213864	0.0362449914138523	0.0346986541837332	0.0315382172721606	0.00809737932972669
2012	0.0169692240528825	0.000506565429470725	0.018012366402707	0.0155465515722716	0.0209730967372639	0.0215915740198947	0.0145200936173216	0.00950256446286798
2012	0.0203603188625996	0.000466723204680892	0.0195207389634427	0.015986963798115	0.00892959358900973	0.0126974839087185	0.0145906594375904	0.0033197498770463
2012	0.0034392198247562	0.000648859089434411	0.00467549123130102	0.00145336034528318	0.00354894104178592	0.00380339379754242	0.00325543650840321	0.000807981451556243
2012	0.00692140841294013	0.000597633371847484	0.00805988974372903	0.00766317272967498	0.00593016599885518	0.00672908133411352	0.00668728756747857	0.000105388884985597
2012	0.0284332901354032	0.000529332415064914	0.0263783027529621	0.0179247775918259	0.0133485975958786	0.0153306026916325	0.0420878074023545	0.0129452680390641
2012	0.135100667218958	0.000631783850238769	0.144443399263633	0.134678058662908	0.144384659416142	0.121064950263312	0.150300492784645	0.0667462938242113
2012	0.193039747824921	0.000660242582231506	0.206905391852271	0.171672685633753	0.144934172867773	0.135049736688122	0.213372222940948	0.0811845710672381
2012	0.00825687758027424	0.00044964796548525	0.00906613388942841	0.00356733902933145	0.0056554092730395	0.00327677004095963	0.00774812706552036	0.00286306470877538
2012	0.0107043783451182	0.000552099400659104	0.0113084883549929	0.00480049326169294	0.0081740125930166	0.0093622001170275	0.00945111552800875	0.00734209232066325
2012	0.00310750097109405	0.000546407654260557	0.00377192505965259	0.00369946269708447	0.0030452203777905	0.00351082504388531	0.00286732449692451	0.000333731469121057
2012	0.00222921944663108	0.000478106697477987	0.00329894394047592	0.000616577116180745	0.00441900400686892	0.00567583382094792	0.00281322403471838	0.000860675894049041
2012	0.0258671955834986	0.000700084807021338	0.0298070846477218	0.0225491059631815	0.0273153978248426	0.0207138677589233	0.0273042680560293	0.0140342865172486
2012	0.00556875174023492	0.000540715907862009	0.00645215140165371	0.0031709680260724	0.00673153978248426	0.0107080163838502	0.00514660049160855	0.0011944073631701
2012	0.0312984472807648	0.000478106697477987	0.0274647019622755	0.0243988373117238	0.0331539782484259	0.0469865418373318	0.0245028049913557	0.00316166654956791
2012	0.00967312802285251	0.000517948922267819	0.010281046175941	0.00783933762001233	0.00986834573554665	0.0188414277355178	0.00730356239782657	0
2012	0.0154893798404312	0.000660242582231506	0.017826883610873	0.00933673918787986	0.018225529479107	0.0135166764189585	0.0146377033177696	0.00516405536429425
2012	0.00293906341845732	0.000438264472688155	0.00360035347720615	0.00488857570686162	0.0029536348025186	0.00438853130485664	0.00271443188634199	0.00156326846061969
2012	0.00614453317016662	0.000654550835832959	0.00715367381791154	0.00264247335506034	0.0059988551803091	0.00456407255705091	0.00551119056299764	0.000966064779034638
2012	0.666318333224479	0.000688701314224243	0.712353948862394	0.688716638773892	0.460286204922725	0.297834991222937	0.698702765004057	0.479976111852737
2012	0.0133082854088392	0.000563482893456199	0.0146167064350605	0.0148418920109222	0.00945621064682313	0.00514921006436513	0.0136709515800863	0.00922152743623973
2012	0.00701422094194404	0.000660242582231506	0.00801749367702411	0.0059896062714701	0.00192329708070979	0.00163838502047981	0.00829854046361744	0.00739478676315605
2012	0.0382507932033729	0.000700084807021338	0.0429862994460689	0.0316215978155554	0.0467544361763022	0.0448215330602692	0.0420431157161843	0.0152813883229115
2012	0.00910937784668058	0.000580558132651842	0.00995247665897796	0.00405179247775918	0.00700629650829994	0.00877706260971328	0.00717183953332471	0.00209021288554767
2012	0.0148551608922378	0.000563482893456199	0.0161032185239014	0.0124196247687836	0.0125930165998855	0.0126389701579871	0.0136944735201759	0.00774608304644137
2012	0.0391462622332069	0.000358580023108491	0.0361161493242464	0.0377873689773628	0.0255981682884946	0.0337624341720304	0.0285038870005998	0.00495327759432305
2012	0.0047368764802739	0.000483798443876535	0.00544590725595433	0.00665022461023518	0.00114481969089868	0.000819192510239906	0.00508073905935762	0.00165109253144102
2012	0.0487609527377977	0.000546407654260557	0.0510302906647836	0.0525411785431164	0.0323297080709788	0.028437682855471	0.0475025580109847	0.0230626009976814
2012	0.0153467235458511	0.000597633371847484	0.0146849376049137	0.0182771073725007	0.00838008013737836	0.0105909888823874	0.0185211756265657	0.0153692123937329
2012	0.0044309388846684	0.000330121291115753	0.00433367294349267	0.00493261692944596	0.00132799084144247	0.00117027501462844	0.00309783950980277	0.0000878240708213307
2012	0.0109140659106456	0.000455339711883797	0.0111389040881732	0.00955694530080155	0.0117458500286205	0.0169689877121123	0.00861138226680937	0.00191456474390501
2012	0.0225121945350608	0.000546407654260557	0.0240743415029671	0.0226812296309346	0.0238809387521465	0.0164423639555295	0.0206240370705776	0.0146139253846694
2012	0.0122598475812024	0.000335813037514301	0.0123511666205168	0.0177045714789043	0.00549513451631368	0.00567583382094792	0.010420219459701	0.00365348134616736
2012	0.0103657844893077	0.000398422247898323	0.0100823146132618	0.00462432837135559	0.00744132799084144	0.0145114101813926	0.00632269749608948	0.00129979624815569
2012	0.0104981282806651	0.000643167343035864	0.0120053737014548	0.00374350391966881	0.0172180881511162	0.0194850789935635	0.0093923106777847	0.00433850909857374
2012	0.00435531386103558	0.000512257175869272	0.00553533645916	0.00413987492292786	0.0055638236977676	0.00842598010532475	0.004502099333153	0.00177404623059088
2012	0.0239061012206566	0.000512257175869272	0.0232621918501511	0.0198625913855369	0.0228506010303377	0.0253949678174371	0.0189022310560175	0.00286306470877538
2012	0.0889814340566981	0.000620400357441674	0.0878930082261618	0.0750022020611292	0.0780767029192902	0.082796957284962	0.0928928458019217	0.0516932480854353
2012	0.0613043941576232	0.000586249879050389	0.0644426838300077	0.0414427904518629	0.0365884373211219	0.0406670567583382	0.0638385454032249	0.0113819995784445
2012	0.0250215703192407	0.000557791147057652	0.0272248992099758	0.0282304236765613	0.00718946765884373	0.0107080163838502	0.0559563432791937	0.0348661561160683
2012	0.210746315858224	0.000574866386253294	0.201406489512935	0.217915969347309	0.127945048654837	0.111644236395553	0.187660390228986	0.0449659242605213
2012	0.0377403242938513	0.000483798443876535	0.0352987001630924	0.0225491059631815	0.0250028620492272	0.0318899941486249	0.0270643442671152	0.00193212955806928
2012	0.000474375148242234	0.000273203827130278	0.00142358042732585	0.000748700783933762	0.00100744132799084	0.00146284376828555	0.000715066978724405	0.000474249982435186
2012	0.0135953167485365	0.000728543539014076	0.0146644020101035	0.0150180569012596	0.0168059530623927	0.0186658864833236	0.0115281028379221	0.00530457387760837
2012	0.0220154756298361	0.000512257175869272	0.0230992319687541	0.0152823042367656	0.0190269032627361	0.0245757753071972	0.020661672174721	0.00727183306400618
2012	0.0443489201090375	0.000478106697477987	0.043656024812298	0.0344402360609531	0.0300400686891815	0.0331187829139848	0.0376868524115869	0.0205859622005199
2012	0.0036918761537113	0.00047241495107944	0.00450458208739684	0.00343521536157844	0.00103033772180882	0.00193095377413692	0.00267209239418067	0.000983629593198904
2012	0.0127015664692395	0.000745618778209718	0.0153188912898606	0.0224610235180129	0.0150200343445907	0.0119953188999415	0.0145836028555635	0.00574369423171503
2012	0.00903890907465909	0.000569174639854747	0.0103426529603716	0.00951290407821721	0.0136691471093303	0.0249853715623171	0.00908182106860174	0.00177404623059088
2012	0.00793890873090898	0.000256128587934636	0.00723714107423684	0.00268651457764468	0.00487693188322839	0.0032182562902282	0.00402225175532478	0.000825546265720509
2012	0.015580473618898	0.000506565429470725	0.0157872353392414	0.01299216066238	0.0173325701202061	0.0322410766530135	0.0123137356369153	0.00117684254900583
2012	0.00176171930053728	0.000358580023108491	0.00228673784789616	0.000704659561349423	0.00137378362907842	0.0013458162668227	0.00989332800169358	0.00166865734560528
2012	0.177751461797332	0.000768385763803908	0.207881163825026	0.248392495375672	0.126846021751574	0.0787595084844939	0.2250132310913	0.121899810300007
2012	0.0210495378279806	0.00049518193667363	0.0216915500664426	0.0206993746146393	0.023514596451059	0.0301930953774137	0.0159690451268421	0.00514649055012998
2012	0.006574220804444	0.000552099400659104	0.00741268728793686	0.00563727649079538	0.00666285060103034	0.00485664131070802	0.00626859703388335	0.00209021288554767
2012	0.0475922023725632	0.000574866386253294	0.0442747424107728	0.0556240641240201	0.0308414424728105	0.0310122878876536	0.064014959953897	0.00858919412632614
2012	0.00737859605581127	0.00049518193667363	0.00854876938792004	0.00343521536157844	0.00373211219232971	0.00397893504973669	0.00680724946193562	0.000913370336541839
2012	0.0193101622844257	0.000882220691774857	0.0248944404182902	0.0299480313573505	0.0189811104751002	0.0246342890579286	0.0256741976078187	0.012207545844165
2012	0.0089873465585458	0.000517948922267819	0.00871106683077478	0.010129481194398	0.00945621064682313	0.0111761263897016	0.0075670081268303	0.00196725918639781
2012	0.0052232828822759	0.000347196530311396	0.00574267972288871	0.00413987492292786	0.00183171150543789	0.00263311878291398	0.0038481893986616	0.00210777769971194
2012	0.0203946938733418	0.000597633371847484	0.020268632077659	0.0205232097243019	0.0230108757870635	0.0251609128145114	0.0155503545932469	0.00474249982435186
2012	0.00621672069272522	0.000466723204680892	0.00685756378951943	0.00286267946798203	0.00693760732684602	0.00819192510239906	0.00438448963270491	0.000843111079884775
2012	0.0583739244918514	0.000461031458282345	0.0553122934019796	0.039372852990399	0.0224613623354322	0.0143943826799298	0.0975878250438096	0.0203400548022202
2012	0.00969203427876071	0.000387038755101228	0.00973055974731944	0.00405179247775918	0.0103491700057241	0.0111761263897016	0.00699542498265257	0.0022307313988618
2012	0.010214534442042	0.000563482893456199	0.0117437104772605	0.00400775125517484	0.0107613050944476	0.011644236395553	0.0103120185352888	0.00488301833766599
2012	0.118062693144592	0.000586249879050389	0.114525687379353	0.131330925746499	0.0872810532341156	0.119251023990638	0.123784209721618	0.10412421836577
2012	0.14518457662018	0.000728543539014076	0.146879848222081	0.180965383599049	0.135088723526045	0.163019309537741	0.160412574829172	0.0741235157732031
2012	0.00730297103217845	0.000648859089434411	0.00784327234040862	0.0031709680260724	0.00728105323411563	0.00825043885313049	0.00495607277688264	0.00203751844305487
2012	0.00821734631792072	0.000375655262304133	0.00808175021562374	0.00488857570686162	0.011287922152261	0.0135751901696899	0.00427864090230162	0.00163352771727675
2012	0.00158984424682633	0.000591941625448936	0.00249010648037128	0	0.00283915283342874	0.00514921006436513	0.00227692380067508	0
2012	0.00812625253945392	0.000751310524608266	0.0098776211037021	0.0081476261781027	0.0086090440755581	0.00942071386775892	0.00821386147929481	0.00317923136373217
2012	0.0203517251099141	0.000557791147057652	0.0218001899873739	0.0151061393464283	0.0168059530623927	0.0196021064950263	0.0175826502169899	0.00707862010819925
2012	0.0149410984190933	0.000512257175869272	0.0156819076110214	0.010525852197657	0.0107155123068117	0.0136922176711527	0.0113164053771155	0.00145787957563409
2012	0.0115895348717296	0.000586249879050389	0.0119821883524756	0.00458028714877125	0.00847166571265026	0.0167349327091867	0.00903948157644043	0.000386425911613855
2012	0.0196968811552754	0.000734235285412623	0.0206945800603349	0.0152382630141813	0.0230795649685175	0.0177881802223523	0.0147317910781281	0.00537483313426544
2012	0.0437817324317914	0.000438264472688155	0.0410619154807913	0.0321060512639831	0.0405953062392673	0.0530134581626682	0.0334670163595093	0.00391695355863135
2012	0.00655875204961002	0.000517948922267819	0.00786182061959202	0.00603364749405444	0.00641099026903263	0.00251609128145114	0.00754819057475861	0.00523431462095131
2012	0.0618956443423889	0.000591941625448936	0.0604362555263935	0.0753985730643883	0.0723068116771609	0.0771796372147455	0.0590965222811577	0.0134019532073351
2012	0.0148723483976089	0.000483798443876535	0.0159422459581312	0.0113185942041751	0.0122724670864339	0.014979520187244	0.0144565843790796	0.00403990725778121
2012	0.0110876597148937	0.000580558132651842	0.0119219064451296	0.0139610675592354	0.01220377790498	0.0113516676418958	0.0200924412245522	0.00226586102719033
2012	0.0172476616398943	0.000683009567825696	0.0204276173278024	0.0109662644235004	0.0168975386376646	0.0148624926857812	0.0201418372987404	0.0203751844305487
2012	0.221490225465695	0.000802536242195193	0.264667382983544	0.328371355588831	0.256668574699485	0.207840842598011	0.282096275300787	0.180794632192791
2012	0.0242309450721703	0.000392730501499775	0.0223798237118551	0.0177045714789043	0.0203548941041786	0.0390286717378584	0.0160278499770661	0.00194969437223354
2012	0.00833250260390706	0.000455339711883797	0.00875147558185289	0.00391966881000617	0.0016485403548941	0.00152135751901697	0.021402613287544	0.00158083327478395
2012	0.00429687634277386	0.00038134700870268	0.00479141797619726	0.0039637100325905	0.00192329708070979	0.00222352252779403	0.00366707045997154	0.00107145366402023
2012	0.00339968856240268	0.000796844495796645	0.0048444130595784	0.00532898793270501	0.00453348597595879	0.00146284376828555	0.00399872981523516	0.00115927773484157
2012	0.0719606474877023	0.000506565429470725	0.0625620208085195	0.0636836078569541	0.0480137378362908	0.0664131070801638	0.0502452162254343	0.0125588421274503
2012	0.0142948482171401	0.000506565429470725	0.0145623864745948	0.0109662644235004	0.0139668002289639	0.014979520187244	0.0104649111458713	0.00335487950537483
2012	0.0495687654902392	0.000517948922267819	0.0493722069934962	0.0488417158460319	0.0376187750429307	0.0521357519016969	0.042612346666353	0.01029298110026
2012	0.0178131305666033	0.000614708611043126	0.0187172010116761	0.0067823482779882	0.021728677733257	0.0302516091281451	0.0132028649723029	0.000843111079884775
2012	0.0157729736790543	0.00047241495107944	0.0151029363250824	0.00982119263630758	0.0089524899828277	0.00772381509654769	0.0166958730756113	0.00170378697393382
2012	0.0151834422448257	0.000443956219086703	0.0148889686759311	0.00475645203910861	0.00915855752718947	0.0201287302516091	0.0095710774224658	0.000807981451556243
2012	0.0283336026042508	0.00047241495107944	0.0274554278226838	0.0208314982823923	0.0167143674871208	0.0200117027501463	0.0203817610876545	0.0110658329234877
2012	0.0202657875830586	0.000535024161463462	0.0205932269633685	0.0129040782172113	0.0137836290784201	0.0171445289643066	0.0150987333435262	0.00309140729291084
2012	0.00989312809160253	0.000580558132651842	0.0110905460745879	0.00634193605214481	0.00849456210646823	0.0102399063779988	0.00971456125701248	0.000491814796599452
2012	0.0697881468087959	0.000700084807021338	0.0809764874063809	0.0804192724390029	0.0789009730967373	0.0862492685781159	0.0812941771437308	0.0446497576055645
2012	0.0694856467142646	0.000762694017405361	0.0833314564241303	0.080815643442262	0.0727189467658844	0.0826799297834991	0.0933844543497948	0.0678001826740673
2012	0.0169073490335466	0.00040411399429687	0.0147067980768084	0.00955694530080155	0.00890669719519176	0.0141018139262727	0.0126783257083044	0.00265228693880419
2012	0.0510915784661183	0.000654550835832959	0.0550228077590102	0.0467277371619836	0.0590497996565541	0.0675833820947923	0.055751702400414	0.0240637954050446
2012	0.00308687596464874	0.000711468299818433	0.00451783085824213	0.00242226724213864	0.0056554092730395	0.000819192510239906	0.0038176108765451	0.000509379610763718
2012	0.00492078278774462	0.000734235285412623	0.00600434294708308	0.00546111160045803	0.00533485975958786	0.00380339379754242	0.00579580603808202	0.000702592566570646
2012	0.0298375093242217	0.00044964796548525	0.0287856044155503	0.0152382630141813	0.0225529479107041	0.0392042129900527	0.0222799816528867	0.00242394435466873
2012	0.280929775290555	0.000597633371847484	0.283909897759235	0.282612525323703	0.229788208357184	0.226038619075483	0.283618144824585	0.200519918499262
2012	0.0233286010401878	0.000580558132651842	0.0242989081687946	0.0282744648991456	0.0230566685746995	0.0211234640140433	0.0212708904230421	0.00495327759432305
2012	0.0380479806399939	0.000387038755101228	0.035119841756681	0.0279661763410552	0.026994848311391	0.0334698654183733	0.0267350371058605	0.00379399985948149
2012	0.0136778167743177	0.00049518193667363	0.0137237392800883	0.0142693561173258	0.00874642243846594	0.0131655939145699	0.0112811224669811	0.00574369423171503
2012	0.0108298471343272	0.000563482893456199	0.0113820190331842	0.00964502774597023	0.0122495706926159	0.0111761263897016	0.00848671598433439	0.0010363240356917
2012	0.00602422063256895	0.000341504783912848	0.00612888139302876	0.00229014357438563	0.000297653119633658	0.00093622001170275	0.0171051548331706	0.00618281458582168
2012	0.0166340676981462	0.000603325118246031	0.0166344942347974	0.0130802431075487	0.0117000572409845	0.0100643651258046	0.0151834123278488	0.00851893486966908
2012	0.0256042267513209	0.000512257175869272	0.025372721045805	0.0215801990663261	0.0259874069834001	0.0446459918080749	0.0211462241405671	0.00252933323965432
2012	0.0186209433190448	0.000540715907862009	0.0190040369004766	0.00704659561349423	0.0119748139668002	0.0221181977764775	0.0146447598997965	0.00221316658469753
2012	0.0399300124781289	0.000540715907862009	0.0424854959081171	0.0428961507971461	0.0179507727532914	0.0163838502047981	0.0450586284356734	0.0326354247172065
2012	0.00933281541650482	0.000597633371847484	0.0104936889480078	0.00581344138113274	0.00503720663995421	0.00169689877121123	0.00908887765062862	0.000210777769971194
2012	0.0674025210632878	0.000546407654260557	0.0682921141991052	0.0644763498634722	0.048723526044648	0.0565242832065535	0.0603714114340151	0.0139991568889201
2012	0.0154326610727066	0.000512257175869272	0.0161211043645426	0.01065797586541	0.0182026330852891	0.0312463428905793	0.0112035000646853	0.000439120354106654
2012	0.00899422156069424	0.000478106697477987	0.00906745876651294	0.00440412225843389	0.00945621064682313	0.016500877706261	0.00616745269149799	0.000245907398299726
2012	0.0157007861564957	0.00042688097989106	0.0151380455678224	0.0131683255527173	0.00787635947338294	0.00555880631948508	0.0126383384101521	0.00296845359376098
2012	0.0682481463275457	0.000478106697477987	0.0613577075386831	0.0484453448427728	0.030452203777905	0.0472205968402575	0.0592941065779105	0.00706105529403499
2012	0.00413531379228556	0.000455339711883797	0.00491396910651614	0.00409583370034352	0.00377790497996566	0.00421299005266238	0.00376351041433897	0.000263472212463992
2012	0.00458047018139693	0.000700084807021338	0.00608714776486611	0.00682638950057254	0.00279336004579279	0.00550029256875366	0.00522657508791325	0
2012	0.00343234482260776	0.000739927031811171	0.00503652023683503	0.00356733902933145	0.00171722953634803	0.00327677004095963	0.00412810048572806	0.000737722194899178
2012	0.0291448528577665	0.000535024161463462	0.0289883106094832	0.0218444464018321	0.0213165426445335	0.0305441778818022	0.0227504204546791	0.00247663879716153
2012	0.00303015719692412	0.000614708611043126	0.00411175603183415	0.00273055580022901	0.00116771608471666	0.00163838502047981	0.00543592035471086	0.00126466661982716
2012	0.00669797084311589	0.000557791147057652	0.0077028353694486	0.00775125517484365	0.00123640526617058	0.000585137507314219	0.00611100003528291	0.0011944073631701
2012	0.0251298516030786	0.000415497487093965	0.0230230515363937	0.0131683255527173	0.0185918717801946	0.0248098303101229	0.0173686005621744	0.00170378697393382
2012	0.0168214115066911	0.000739927031811171	0.0153076298346421	0.00603364749405444	0.00712077847738981	0.0141603276770041	0.0120738118480012	0.0000175648141642661
2012	0.0209911003097188	0.000438264472688155	0.0199367503679846	0.0189377257112657	0.0127761877504293	0.0157401989467525	0.0146259423477248	0.00265228693880419
2012	0.00685437714199286	0.0010074391125429	0.00905553487275218	0.00312692680348806	0.00386949055523755	0.0050906963136337	0.00736471944205958	0.00138762031897703
2012	0.046380483243901	0.000529332415064914	0.0449298941290722	0.0436448515810799	0.0412135088723526	0.0597425394967817	0.0348830371529044	0.00635846272746434
2012	0.0182582869557147	0.000580558132651842	0.0190616690536535	0.00955694530080155	0.0119519175729823	0.0234055002925688	0.0157338257259459	0.000579638867420783
2012	0.0327387602308626	0.000591941625448936	0.0344858880717341	0.0250594556504889	0.0306353749284488	0.0363955529549444	0.0341961965022875	0.0138235087472775
2012	0.141255512892348	0.000489490190275082	0.125571187633067	0.0779970051968643	0.0858614768174013	0.120889409011118	0.0962400178766745	0.0121899810300007
2012	0.00995844061201269	0.000535024161463462	0.0105559581709807	0.00620981238439179	0.00620492272467086	0.00953774136922177	0.00712714784715443	0.000509379610763718
2012	0.0132756291486341	0.000512257175869272	0.0142291798878359	0.00951290407821721	0.0155237550085861	0.0200702165008777	0.00969339151093182	0.000843111079884775
2012	0.0241071950334984	0.00044964796548525	0.023640444257784	0.0155025103496873	0.0232627361190612	0.0443534230544178	0.0165617980171005	0.00117684254900583
2012	0.0377867305583533	0.000523640668666367	0.0364394193328714	0.0284065885668986	0.0263995420721236	0.0383265067290813	0.0308701941736154	0.00428581465608094
2012	0.02284563213926	0.00040411399429687	0.0213755668817825	0.0177926539240729	0.0114481969089868	0.0118197776477472	0.0167593823138532	0.000843111079884775
2012	0.0165085989089372	0.000580558132651842	0.0174552555886628	0.0108341407557474	0.0216141957641671	0.0208894090111176	0.0139932021593141	0.00339000913370337
2012	0.0130143790669935	0.000637475596637316	0.0140960297408408	0.00876420329428345	0.0171951917572982	0.0284961966062025	0.00873369635527538	0.000403990725778121
2012	0.0429825134320354	0.000517948922267819	0.0404153754635414	0.0336034528318506	0.0438923869490555	0.0564072557050907	0.0322815105789926	0.00361835171783883
2012	0.017887036839699	0.000728543539014076	0.0179991176318617	0.0165154584691271	0.0119290211791643	0.0120538326506729	0.0143530878426853	0.000474249982435186
2012	0.0173542241731951	0.000517948922267819	0.0174698292365926	0.0110103056460847	0.0198282770463652	0.0351082504388531	0.01307349430181	0.000298601840792524
2012	0.0601579875493711	0.000683009567825696	0.0589464312448413	0.0514401479785079	0.0242930738408701	0.0292568753657109	0.0841121055664671	0.0102402866577672
2012	0.00831531509853597	0.000461031458282345	0.00880115847252271	0.00590152382630142	0.00560961648540355	0.00596840257460503	0.00592988109659285	0.00077285182322771
2012	0.0112234410073253	0.00083099497418793	0.0114098414519593	0.00528494671012067	0.00272467086433887	0.0042715038033938	0.00866313053500653	0.00156326846061969
2012	0.0164828176508805	0.000500873683072177	0.0171352977727491	0.0107020170879944	0.014745277618775	0.0111761263897016	0.0121749561903866	0.0010890184781845
2012	0.0304768845240264	0.000529332415064914	0.0276574715780743	0.0195983440500308	0.0142644533485976	0.0177881802223523	0.0259988003810554	0.00307384247874657
2012	0.00443265763520551	0.000438264472688155	0.00484971256791651	0.00413987492292786	0.00386949055523755	0.003744880046811	0.00290731179507686	0.000632333309913581
2012	0.00335156354736361	0.000677317821427148	0.00463905711147648	0.00361138025191579	0.00460217515741271	0.0050906963136337	0.00378232796641067	0.000316166654956791
2012	0.0051682828650884	0.000352888276709943	0.00543729555490489	0.00458028714877125	0.00343445907269605	0.00661205383265067	0.00335658085078857	0.000333731469121057
2012	0.020631881447463	0.00047241495107944	0.0205389070029028	0.0165154584691271	0.0168975386376646	0.0280866003510825	0.0147553130182177	0.00328462024871777
2012	0.0349834484323276	0.000546407654260557	0.0365864806892541	0.031577556592971	0.0285289066971952	0.0400234055002926	0.0285156479706446	0.00319679617789644
2012	0.0528068915021536	0.000500873683072177	0.0496544058125007	0.0437769752488329	0.0380080137378363	0.047162083089526	0.038543051030849	0.00556804609007237
2012	0.01798156811924	0.000552099400659104	0.0179924932464391	0.0121994186558619	0.0112192329708071	0.0125804564072557	0.0141507991579145	0.00170378697393382
2012	0.00574750179609431	0.000580558132651842	0.00672110144981299	0.00634193605214481	0.00327418431597023	0.00491515506143944	0.0052665623860656	0.000158083327478395
2012	0.00866422145756921	0.000637475596637316	0.00968286417227642	0.00726680172641593	0.00647967945048655	0.00596840257460503	0.00655086031495878	0.00112414810651303
2012	0.00772406491377029	0.000529332415064914	0.00825597155223924	0.0075750902845063	0.00409845449341729	0.00684610883557636	0.00632034530208052	0.00100119440736317
2012	0.0103537532355479	0.00042688097989106	0.0107089814742437	0.013124284330133	0.00744132799084144	0.00994733762434172	0.00821386147929481	0.00138762031897703
2012	0.00404422001381875	0.000369963515905586	0.00452114305095345	0.0033911741389941	0.00190040068689181	0.00386190754827384	0.00310960047984758	0.00045668516827092
2012	0.00491390778559618	0.000535024161463462	0.00590365228865892	0.0023782260195543	0.00471665712650258	0.00327677004095963	0.00409281757559363	0.000193212955806928
2012	0.0142793794623061	0.000529332415064914	0.0149591871614111	0.0125077072139523	0.00931883228391528	0.0124634289057929	0.0141625601279594	0.0011417129206773
2012	0.0275120398475125	0.000603325118246031	0.0277522002896181	0.0169999119175548	0.02090440755581	0.0310122878876536	0.0237924424006492	0.000807981451556243
2012	0.00573890804340876	0.000278895573528826	0.00591955081367326	0.00458028714877125	0.00950200343445907	0.0164423639555295	0.00346478177520082	0.000263472212463992
2012	0.0106631283322276	0.000478106697477987	0.0107586643649135	0.0112745529815908	0.00920435031482542	0.0139847864248098	0.0077951709456996	0.00121197217733436
2012	0.00262453207016627	0.000512257175869272	0.00371031827522202	0.00378754514225315	0.00331997710360618	0.0042715038033938	0.00291436837710374	0.000281037026628258
2012	0.0601683000525938	0.000489490190275082	0.0567444855303549	0.0446577997005197	0.0419232970807098	0.0593914569923932	0.0470932762534254	0.00579638867420783
2012	0.0143859419956069	0.000546407654260557	0.0155321965004697	0.00955694530080155	0.0137378362907842	0.025804564072557	0.0113846190033754	0.000403990725778121
