2013	0.0111117222224132	0.434285714285714	0.0113185942041751	0.0051287922152261	0.0119368051492101	0.0109047714255472	0.0011944073631701
2013	0.012521097662843	0.445714285714286	0.00894036818462081	0.0111505437893532	0.0168519602106495	0.0110223811259953	0.00797442563057683
2013	0.0129714103035657	0.514285714285714	0.0138729851140668	0.0119061247853463	0.0206553540081919	0.0132405000764463	0.00265228693880419
2013	0.00438453262016644	0.445714285714286	0.00603364749405444	0.00464796794504866	0.00772381509654769	0.00452091688522469	0.000263472212463992
2013	0.0271700084906277	0.474285714285714	0.0255879503215009	0.0250715512306812	0.0376828554710357	0.0235431098356992	0.00182674067308368
2013	0.00630953322172913	0.531428571428571	0.00902845062978948	0.0108757870635375	0.0226448215330603	0.0062474272878027	0.000439120354106654
2013	0.0177598492999529	0.445714285714286	0.0169999119175548	0.0201717229536348	0.0355178466939731	0.0147506086301998	0.00256446286798286
2013	0.0730108040658763	0.628571428571428	0.0805954373293403	0.0568517458500286	0.0547688706846109	0.0805391228668541	0.0159312864469894
2013	0.0121842225575695	0.474285714285714	0.0111864705364221	0.00959358900973097	0.0162668227033353	0.0107213002928482	0.00161596290311249
2013	0.0322334475729524	0.417142857142857	0.0218444464018321	0.0332226674298798	0.0495611468695143	0.0250673315535065	0.00316166654956791
2013	0.0177443805451189	0.4	0.0148859332335066	0.00975386376645678	0.0125804564072557	0.0175661848589272	0.00235368509801166
2013	0.00425562632988323	0.52	0.00612172993922311	0.00677733257012021	0.00977179637214745	0.00463382219765486	0.0000878240708213307
2013	0.00775843992451248	0.48	0.00475645203910861	0.0104865483686319	0.0189584552369807	0.00735295847201477	0.000720157380734912
2013	0.0110635972073741	0.605714285714286	0.00894036818462081	0.0143560389238695	0.0207138677589233	0.0105072506380326	0.00158083327478395
2013	0.0465747020545944	0.577142857142857	0.0383599048709592	0.05220377790498	0.0643651258045641	0.0450727415997271	0.00620037939998595
2013	0.00747312733535229	0.44	0.00951290407821721	0.00462507155123068	0.00965476887068461	0.00651322521081539	0.000895805522377573
2013	0.00765875239336012	0.434285714285714	0.00854399718136175	0.00789925586720092	0.0110005851375073	0.0065249861808602	0.000737722194899178
2013	0.0243392263560082	0.342857142857143	0.0122434598784462	0.0133485975958786	0.0181392627267408	0.0295459089465699	0.00201995362889061
2013	0.0591714247410702	0.462857142857143	0.0556240641240201	0.0381453921007441	0.0433001755412522	0.0584731908687829	0.00742991639148458
2013	0.0021621881756838	0.445714285714286	0.00422795736809654	0.00103033772180882	0.000234055002925688	0.00246274712738307	0.000122953699149863
2013	0.00600359562612363	0.445714285714286	0.00766317272967498	0.00595306239267315	0.00866003510825044	0.00554647347313206	0.000333731469121057
2013	0.0164020363756364	0.52	0.0108781819783317	0.0108986834573555	0.0203042715038034	0.015726769143919	0.00101875922152744
2013	0.00906469033271573	0.52	0.00827974984585572	0.0114024041213509	0.017612638970158	0.00823973561339339	0.00105388884985597
2013	0.043180169743803	0.554285714285714	0.0686602660089844	0.0338637664567831	0.0478642480983031	0.0472767473861244	0.0272605915829411
2013	0.0235846948702171	0.428571428571429	0.0152823042367656	0.0215455065827132	0.0308952603861908	0.0185987980288614	0.00491814796599452
2013	0.0112423472632335	0.588571428571429	0.00788337884259667	0.0118145392100744	0.0212404915155061	0.0108812494854576	0.000421555539942387
2013	0.00547250171015678	0.491428571428571	0.00409583370034352	0.00858614768174013	0.0150380339379754	0.00553000811506933	0.000263472212463992
2013	0.0051871891209966	0.417142857142857	0.00493261692944596	0.00668574699484831	0.00965476887068461	0.0039963776212262	0.000720157380734912
2013	0.00314187598183624	0.52	0.0015854840130362	0.00313680595306239	0.00345231129315389	0.00370235337010597	0.000439120354106654
2013	0.0634236135698792	0.474285714285714	0.0511318594204175	0.0480595306239267	0.064774722059684	0.05877427170193	0.00860675894049041
2013	0.00685781464306708	0.451428571428572	0.00409583370034352	0.00281625643961076	0.0061439438267993	0.00634386724217013	0.000245907398299726
2013	0.00316593848935578	0.52	0.00515282304236766	0.00313680595306239	0.00708016383850205	0.0033118891646183	0
2013	0.00868484646401452	0.457142857142857	0.00546111160045803	0.00954779622209502	0.0139262726740784	0.0072588707116563	0
2013	0.210316628223946	0.377142857142857	0.186118206641416	0.108872352604465	0.156056173200702	0.211212908840721	0.0416813040118036
2013	0.00818640880825275	0.525714285714286	0.00854399718136175	0.00803663423010876	0.0152135751901697	0.00807743422677502	0
2013	0.0251728203665064	0.462857142857143	0.0197304677177838	0.0315741270749857	0.05020479812756	0.0192503557693439	0.000439120354106654
2013	0.0348596983936557	0.325714285714286	0.0338677001673566	0.0210646823125358	0.0362785254534816	0.0269090994625237	0.00353052764701749
2013	0.00338250105703158	0.354285714285714	0.00167356645820488	0.00327418431597023	0.00380339379754242	0.00324602773236737	0.000368861097449589
2013	0.00381390744184608	0.645714285714286	0.00709063683607857	0.00789925586720092	0.00725570509069631	0.00484081527044351	0.000386425911613855
2013	0.00949781546806733	0.56	0.00872016207169911	0.00936462507155123	0.0131070801638385	0.00925588342526492	0.00105388884985597
2013	0.0129903165594739	0.708571428571429	0.018717519598344	0.0196222095020034	0.0264482153306027	0.0152775000882073	0.00295088877959671
2013	0.0234489135777855	0.491428571428571	0.0173962829208139	0.0159587864911276	0.0144528964306612	0.0210074446940384	0.00437363872690227
2013	0.0156767236489761	0.508571428571428	0.00907249185237382	0.0132112192329708	0.016091281451141	0.014555376527456	0.00117684254900583
2013	0.00639203324751039	0.451428571428572	0.00352329780674712	0.00419004006868918	0.00491515506143944	0.00569936608371458	0.000403990725778121
2013	0.0235279761024925	0.474285714285714	0.0169558706949705	0.0305208929593589	0.0506729081334114	0.0192738777094335	0.00137005550481276
2013	0.00444297013842817	0.485714285714286	0.00427199859068088	0.00368631940469376	0.00590988882387361	0.00501958201512461	0.000439120354106654
2013	0.0663867394958561	0.525714285714286	0.0688804721219061	0.0506697195191757	0.0482153306026916	0.0674585719830172	0.0667287290100471
2013	0.0181620369256365	0.474285714285714	0.00907249185237382	0.0193474527761878	0.0335283791691047	0.0150893245674903	0.0010890184781845
2013	0.0110051596891124	0.502857142857143	0.00524090548753633	0.0119748139668002	0.0223522527794032	0.0104131628776742	0.000930935150706106
2013	0.0108951596547374	0.491428571428571	0.0179688188144103	0.0111963365769891	0.0163253364540667	0.00963458666070778	0.00142274994730556
2013	0.03095641592388	0.411428571428571	0.0290231656830794	0.0319633657698912	0.0466354593329432	0.025102614463641	0.00319679617789644
2013	0.00899250281015713	0.497142857142857	0.00960098652338589	0.0133028048082427	0.0179052077238151	0.0086584261469886	0.000807981451556243
2013	0.00207453189829122	0.377142857142857	0.00321500924865674	0.00503720663995421	0.00661205383265067	0.0025591870817505	0.000649898124077847
2013	0.030454540767044	0.457142857142857	0.0216242402889104	0.0287578706353749	0.0433001755412522	0.0247803638844132	0.00319679617789644
2013	0.0084837526511727	0.371428571428571	0.00541707037787369	0.0100744132799084	0.0230544177881802	0.00703306008679596	0.000245907398299726
2013	0.524315163848489	0.405714285714286	0.437329340262486	0.34610188895249	0.463897015798713	0.443169816646477	0.0888779596711867
2013	0.0296243842576201	0.542857142857143	0.0342200299480314	0.0183400114481969	0.0208308952603862	0.0314605948698649	0.00678001826740673
2013	0.0143996919999037	0.468571428571429	0.0114507178719281	0.013050944476245	0.0252194265652428	0.0122996224728616	0.00201995362889061
2013	0.104885032776573	0.502857142857143	0.111776622919052	0.0763365769891242	0.0964306612053833	0.0985287026473944	0.014649055012998
2013	0.00879312774785242	0.542857142857143	0.00986523385889192	0.0114024041213509	0.0211819777647747	0.00864431298293483	0.00144031476146982
2013	0.0198928187165058	0.485714285714286	0.0201268387210429	0.0145621064682313	0.0242246928028087	0.0177966998718054	0.000386425911613855
2013	0.00763984613745192	0.56	0.00845591473619308	0.00716657126502576	0.0126389701579871	0.00793159819821939	0.0022307313988618
2013	0.0380789181496619	0.497142857142857	0.0392847705452303	0.0411448196908987	0.0603861907548274	0.0319545556117469	0.00444389798355933
2013	0.00867453396079186	0.582857142857143	0.00453624592618691	0.00528906697195192	0.011644236395553	0.00790572406412081	0.000579638867420783
2013	0.00373828241821326	0.342857142857143	0.00246630846472298	0.00437321121923297	0.0102399063779988	0.00348359932727251	0
2013	0.00589531434228573	0.537142857142857	0.00365542147450013	0.00725815684029765	0.0114101813926273	0.00564526562150846	0
2013	0.014764067113771	0.502857142857143	0.0114947590945125	0.0223010875787064	0.0409011117612639	0.0116668822844508	0.000737722194899178
2013	0.00726515852036204	0.605714285714286	0.00295076191315071	0.0065254722381225	0.00731421884142774	0.00741411551624778	0.000316166654956791
2013	0.0153243797888687	0.48	0.0118911300977715	0.0149971379507728	0.0188414277355178	0.0127535959165912	0.00186187030141221
2013	0.00480047025014695	0.537142857142857	0.0065621421650665	0.00554092730394963	0.00971328262141603	0.00461735683959213	0.000316166654956791
2013	0.0174212554441423	0.428571428571429	0.013388531665639	0.0158443045220378	0.0266822703335284	0.0141108118597622	0.00288062952293965
2013	0.00432781385244183	0.251428571428572	0.00132123667753017	0.00148826559816829	0.000702165008777063	0.00307431756971315	0.000403990725778121
2013	0.0527793914935598	0.462857142857143	0.0547432396723333	0.0355352032054951	0.0598010532475132	0.0630764345443212	0.00980116630366051
2013	0.00714140848169015	0.548571428571429	0.0067823482779882	0.00684602175157413	0.01234640140433	0.00706599080292142	0
2013	0.0113300035406261	0.48	0.0123315423236149	0.00821980538065255	0.0112931538911644	0.0111258776623896	0.000509379610763718
2013	0.0192276622586445	0.508571428571428	0.0166035409142958	0.0166227819118489	0.0185488589818607	0.0154562668328884	0.00381156467364575
2013	0.00631297072280335	0.497142857142857	0.005196864264952	0.00973096737263881	0.0218256290228204	0.00616274830348007	0.00231855546968313
2013	0.00995672186147558	0.525714285714286	0.00999735752664494	0.00739553520320549	0.0111176126389702	0.00936643654368612	0.00138762031897703
2013	0.0451361078550337	0.4	0.0300801550251035	0.032215226101889	0.0468110005851375	0.0354804944311807	0.00688540715239233
2013	0.00951500297343843	0.508571428571428	0.00502069937461464	0.0100057240984545	0.0204798127559977	0.0096392910487257	0.00159839808894822
2013	0.00514593910810597	0.468571428571429	0.00620981238439179	0.00524327418431597	0.007489760093622	0.0053347760123255	0.00077285182322771
2013	0.0164415676379899	0.634285714285714	0.0190258081564344	0.0179965655409273	0.0197776477472206	0.0183894527620638	0.0117157310475655
2013	0.0027551571109866	0.514285714285714	0.002598432132476	0.00576989124212936	0.0100643651258046	0.00348830371529044	0
2013	0.0136967230302259	0.422857142857143	0.0168237470272175	0.0100515168860904	0.00953774136922177	0.0120596986839475	0.00479519426684466
2013	0.00540203293813529	0.485714285714286	0.00673830705540386	0.00517458500286205	0.0085430076067876	0.00496312935890952	0.00054450923909225
2013	0.00623047069702209	0.428571428571429	0.00347925658416278	0.00366342301087579	0.00942071386775892	0.0060004469168617	0.000579638867420783
2013	0.0161425050445328	0.52	0.0195543028274465	0.0159358900973097	0.0207723815096548	0.014491867289214	0.000281037026628258
2013	0.00673922085600652	0.491428571428571	0.00744296661675328	0.00778477389811105	0.0120538326506729	0.00649440765874369	0.000579638867420783
2013	0.0190660997081562	0.474285714285714	0.0182771073725007	0.0189811104751002	0.0301345816266823	0.0165359238830019	0.00219560177053327
2013	0.0271476647336452	0.537142857142857	0.0299039901347661	0.0187979393245564	0.0299005266237566	0.0259917437990285	0.00363591653200309
2013	0.00362312613222692	0.422857142857143	0.00510878181978332	0.00494562106468231	0.00731421884142774	0.003638844131864	0.000105388884985597
2013	0.0136451605141127	0.588571428571429	0.0143574385624945	0.0158672009158558	0.0200702165008777	0.0128359227069049	0.00107145366402023
2013	0.0322368850740266	0.691428571428571	0.026512815995772	0.0170349170005724	0.0178466939730837	0.0426264598304068	0.00999437925946743
2013	0.006574220804444	0.377142857142857	0.00845591473619308	0.0039152833428735	0.00210649502633119	0.00544062474272878	0.000807981451556243
2013	0.00162421925756852	0.582857142857143	0.0023782260195543	0.00281625643961076	0.00386190754827384	0.00244628176932033	0.000526944424927984
2013	0.00787359621049882	0.588571428571429	0.00524090548753633	0.00675443617630223	0.00965476887068461	0.00856433838663013	0.000333731469121057
2013	0.0172304741345232	0.514285714285714	0.020787457059808	0.0189811104751002	0.0320070216500878	0.0146565208698413	0.000140518513314129
2013	0.0439759512424848	0.417142857142857	0.0309609794767903	0.0451516886090441	0.058396723229959	0.0334975948816258	0.0033197498770463
2013	0.00679593962373113	0.542857142857143	0.00854399718136175	0.0102346880366342	0.0210649502633119	0.00664024368729933	0.000491814796599452
2013	0.0435393886060589	0.405714285714286	0.0352770192900555	0.0336119061247853	0.0619660620245758	0.0337469274465758	0.00454928686854493
2013	0.000185625058007831	0.468571428571429	0.0018056901259579	0.001740125930166	0.00093622001170275	0.00105613511002387	0
2013	0.0100185968808115	0.48	0.00898440940720514	0.0117687464224385	0.0229959040374488	0.0091829654109871	0.000245907398299726
2013	0.0129404727938977	0.462857142857143	0.0175724478111512	0.0131425300515169	0.0220011702750146	0.0189610359062415	0.0011417129206773
2013	0.0111615659879894	0.411428571428571	0.00634193605214481	0.00892959358900973	0.016500877706261	0.00847025062627165	0.000737722194899178
2013	0.0295848529952666	0.525714285714286	0.0215801990663261	0.0168288494562106	0.0313633703920421	0.0314747080339186	0.00377643504531722
2013	0.0252536016417505	0.56	0.0316656390381397	0.0215455065827132	0.0227033352837917	0.0255001352511555	0.00600716644417902
2013	0.01024547195171	0.491428571428571	0.0110103056460847	0.0102346880366342	0.0141018139262727	0.0092323614851753	0.00154570364645542
2013	0.00937406542939545	0.617142857142857	0.0121113362106932	0.00876931883228392	0.0142773551784669	0.010544885742176	0.00182674067308368
2013	0.0153518797974624	0.428571428571429	0.0130362018849643	0.013050944476245	0.0200702165008777	0.014061415785574	0.0011417129206773
2013	0.00652781453994204	0.582857142857143	0.0099533163040606	0.00499141385231826	0.00848449385605617	0.0070801039669752	0.000825546265720509
2013	0.00886703402094813	0.4	0.00832379106844006	0.00796794504865484	0.0104739613809245	0.00778811436367272	0.00284549989461111
2013	0.00470250146953171	0.468571428571429	0.00528494671012067	0.000732684602175157	0.00222352252779403	0.00504310395521423	0.0032670554345535
2013	0.0082671900834969	0.434285714285714	0.00651810094248216	0.00748712077847739	0.0136337039204213	0.00880426217554424	0.00151057401812689
2013	0.0747037733449292	0.451428571428572	0.0634634017440324	0.0427933600457928	0.0507899356348742	0.0850247568419443	0.0170729993676667
2013	0.00636625198945375	0.491428571428571	0.0118911300977715	0.00554092730394963	0.0061439438267993	0.00716713514530678	0.00158083327478395
2013	0.0125589101746594	0.491428571428571	0.01299216066238	0.0154092730394963	0.0244587478057343	0.0105072506380326	0.000614768495749315
2013	0.00751781484931714	0.514285714285714	0.00541707037787369	0.0106468231253578	0.0206553540081919	0.00678607971585496	0.000509379610763718
2013	0.0213056316580099	0.525714285714286	0.0243107548665551	0.0318259874069834	0.0447045055588063	0.0214049654815529	0.00166865734560528
2013	0.00344265732583041	0.514285714285714	0.00427199859068088	0.00457927876359473	0.00702165008777063	0.00387171133875122	0.000403990725778121
2013	0.0153346922920913	0.497142857142857	0.0111864705364221	0.00716657126502576	0.011644236395553	0.0144142448869183	0.00381156467364575
2013	0.0172562553925798	0.52	0.0166035409142958	0.0136004579278764	0.0242832065535401	0.0151434250296964	0.000351296283285323
2013	0.0683650213640692	0.474285714285714	0.0638597727472915	0.0435489410417859	0.0511410181392627	0.0688369576722688	0.0089229255954472
2013	0.0333970416865755	0.48	0.0305646084735312	0.0242014882655982	0.0272674078408426	0.0329166029614123	0.0034251387620319
2013	0.0656150205046939	0.468571428571429	0.0513520655333392	0.053921007441328	0.0605032182562902	0.0561092358897762	0.0248190824141081
2013	0.0367898552468298	0.462857142857143	0.0244869197568925	0.0216141957641671	0.0316559391456992	0.0680183941571501	0.00732452750649898
2013	0.0300179781306182	0.462857142857143	0.0232097243019466	0.0152489982827705	0.0212990052662376	0.0263092899902384	0.00214290732804047
2013	0.0473567335489792	0.371428571428571	0.0232978067471153	0.0248654836863194	0.0257460503218256	0.0347066226022322	0.00382912948781002
2013	0.0268193833810573	0.577142857142857	0.0298599489121818	0.0319404693760733	0.0426565242832066	0.0244792830512661	0.000755287009063444
2013	0.230030696884593	0.56	0.238174931736105	0.190085861476817	0.242129900526624	0.248833899820057	0.0390817115154922
2013	0.0177564117988787	0.491428571428571	0.0179247775918259	0.0128219805380653	0.0196606202457578	0.0147012125560116	0.00237124991217593
2013	0.0244715701473657	0.525714285714286	0.0240905487536334	0.0231482541499714	0.0276770040959626	0.0236442541780846	0.00247663879716153
2013	0.0931339353543548	0.44	0.0663260812120144	0.0697653119633658	0.0846693973083675	0.0822985639855575	0.0154746012787185
2013	0.125386289183215	0.565714285714286	0.106667841099269	0.0943789353176875	0.103744880046811	0.117609700448093	0.0147544438979836
2013	0.0261129769103053	0.502857142857143	0.0258962388795913	0.0170120206067544	0.0210064365125805	0.0260905359474049	0.004619546125202
2013	0.0710170534428292	0.44	0.0647846384215626	0.0514253005151689	0.0609713282621416	0.055629388311948	0.00764069416145577
2013	0.0235795386186058	0.474285714285714	0.0220646525147538	0.0158672009158558	0.0199531889994149	0.0187446340574171	0.00289819433710391
2013	0.029010790315872	0.422857142857143	0.0237382189729587	0.0167601602747567	0.0233469865418373	0.0233172992108389	0.00356565727534603
2013	0.917297161655363	0.371428571428571	0.645159869637981	0.532272467086434	0.605149210064365	0.773573100309313	0.340564181830956
2013	0.0343750107421909	0.468571428571429	0.0306967321412842	0.0185002862049227	0.0287887653598596	0.0292871676055841	0.00259959249631139
2013	0.0247964139988794	0.474285714285714	0.0199506738307055	0.0189353176874642	0.0220596840257461	0.0231926329283639	0.00349539801868896
2013	0.109023784069933	0.6	0.0980798026953228	0.0534630795649685	0.0434757167934465	0.123198513413386	0.0246258694583011
2013	0.0536181417556693	0.382857142857143	0.0351008543997181	0.033909559244419	0.043826799297835	0.0418290660613687	0.00864188856881894
2013	0.0920098725030852	0.56	0.0707302034704483	0.0696050372066399	0.0738443534230544	0.09448292895198	0.0129628328532284
2013	0.0184559432674823	0.445714285714286	0.0216242402889104	0.0144934172867773	0.0167934464599181	0.0152163430439743	0.00216047214220474
2013	0.803548532358916	0.451428571428572		0.491104751001717	0.550087770626097	0.783094781657591	0.183113187662475
2013	0.0266561020800319	0.52	0.0263366511054347	0.0149513451631368	0.0196606202457578	0.02639632116857	0.00307384247874657
2013	0.0185625058007831	0.52	0.0125077072139523	0.0171265025758443	0.023581041544763	0.017697907723429	0.00161596290311249
2013	0.0581711119284725	0.571428571428572	0.0436448515810799	0.0245220377790498	0.0169104739613809	0.0556505580580286	0.00857162931216188
2013	0.106665658333018	0.434285714285714	0.096538359904871	0.0684602175157413	0.0809830310122879	0.120190057275924	0.0382386004356074
2013	0.0256334455104517	0.474285714285714	0.0204351272791333	0.0210875787063537	0.0307782328847279	0.0216237195243864	0.00159839808894822
2013	0.562268613208942	0.405714285714286	0.511362635426759	0.327784773898111	0.454593329432417	0.510828325120256	0.0780229045176702
2013	0.0512772035241261	0.411428571428571	0.0439971813617546	0.0194161419576417	0.0197776477472206	0.0469756665529773	0.00483032389517319
2013	0.0184387557621112	0.508571428571428	0.0303444023606095	0.0103491700057241	0.0162083089526039	0.0223599562491914	0.00268741656713272
2013	0.00965765926801852	0.428571428571429	0.0108341407557474	0.00636519748139668	0.0135166764189585	0.00754819057475861	0.00068502775240638
2013	0.0175828179946306	0.474285714285714	0.0199947150532899	0.0108757870635375	0.0143358689291984	0.0168722876262834	0.0021253425138762
2013	0.0277440711700222	0.491428571428571	0.0218444464018321	0.0232627361190612	0.031070801638385	0.0248297599586014	0.00303871285041804
2013	0.0183940682481463	0.462857142857143	0.0162952523562054	0.0181110475100172	0.0232884727911059	0.0169475578345702	0.00175648141642661
2013	0.0200939125293477	0.965714285714286	0.0255439090989166	0.0158214081282198	0.0178466939730837	0.0217295682547897	0.00384669430197429
2013	0.0370992303435095	0.537142857142857	0.0320620100413987	0.0276588437321122	0.0252194265652428	0.0359227069048655	0.00460198131103773
2013	0.0215050067203146	0.445714285714286	0.0239584250858804	0.0177218088151116	0.0225277940315974	0.0182930128076964	0.00126466661982716
2013	0.0473515772973679	0.382857142857143	0.0287589183475733	0.0307956496851746	0.0506729081334114	0.0379761722746892	0.00637602754162861
2013	0.0374807929627478	0.491428571428571	0.034175988725447	0.0197595878649113	0.0198946752486834	0.0372140614157856	0.00365348134616736
2013	0.160311300097281	0.417142857142857	0.0908130009689069	0.0711619919862622	0.0520772381509655	0.129690568878121	0.0214115084662404
2013	0.039931731228666	0.508571428571428	0.0268651457764468	0.0407097882083572	0.0478057343475717	0.0346783962741247	0.00403990725778121
2013	0.108681752713048	0.497142857142857	0.0975072668017264	0.0707498568975386	0.0894090111176126	0.104428005221871	0.0153867772078971
2013	0.0298495405779814	0.462857142857143	0.028847000792742	0.01740125930166	0.0179052077238151	0.0248368165406283	0.00361835171783883
2013	0.199253031016572	0.468571428571429	0.138333480137409	0.141751574127075	0.159449970743125	0.187578063438672	0.107426403428652
2013	0.30477743899295	0.417142857142857	0.244560909010834	0.188826559816829	0.231714452896431	0.285074152916133	0.0336366191245697
2013	0.0237789136809105	0.52	0.0182330661499163	0.0151116199198626	0.0189584552369807	0.0246839239300457	0.00377643504531722
2013	0.167449271077897	0.377142857142857	0.110411345018938	0.101682884945621	0.122586307782329	0.135112376068778	0.0473371741726973
2013	0.0409097002842813	0.434285714285714	0.0364661322998326	0.0384659416141958	0.049093036863663	0.0344431768732285	0.00542752757675824
2013	0.111242691013341	0.537142857142857	0.0870254558266537	0.062644533485976	0.0526623756582797	0.107003657661684	0.0167919623410384
2013	0.0150975047179702	0.44	0.00990927508147626	0.0124785346307956	0.0195435927442949	0.0123207922189422	0.000983629593198904
2013	0.0259101643469264	0.497142857142857	0.0314013917026337	0.0124327418431597	0.0200117027501463	0.0234090347771884	0.00295088877959671
2013	0.0695458029830634	0.451428571428572	0.0441293050295076	0.0379164281625644	0.0523698069046226	0.0583320592282451	0.00865945338298321
2013	0.00916953411547941	0.394285714285714	0.00779529639742799	0.00407555809959931	0.00532475131655939	0.00689192844625825	0.000263472212463992
2013	0.381222306631971	0.365714285714286	0.299568396018673	0.228231253577562	0.29631363370392	0.353285426982017	0.0832572191386215
2013	0.0093293779154306	0.405714285714286	0.00709063683607857	0.00622781911848884	0.010122878876536	0.00788690651204911	0.000562074053256517
2013	0.0209068815334005	0.565714285714286	0.0244869197568925	0.0247967945048655	0.030368636629608	0.0200171710162654	0.00138762031897703
2013	0.0570625178320368	0.451428571428572	0.0412225843389412	0.0347338294218661	0.0346401404330018	0.0510873016806426	0.00353052764701749
2013	0.00705890845590889	0.451428571428572	0.00554919404562671	0.0089524899828277	0.00760678759508484	0.00638385454032249	0.00151057401812689
2013	0.0289403215438505	0.354285714285714	0.0155465515722716	0.0105781339439038	0.0142188414277355	0.020781634069178	0.0023361202838474
2013	0.0119521912350598	0.468571428571429	0.0117149652074342	0.0103033772180882	0.0128730251609128	0.0110717772001835	0.00137005550481276
2013	0.0223729757415549	0.52	0.0180128600369946	0.0194390383514596	0.0220596840257461	0.0214143742575888	0.00265228693880419
2013	0.0316095411279816	0.577142857142857	0.0317537214833084	0.0357641671436749	0.0507899356348742	0.0323567807872793	0.00769338860394857
2013	0.0173301616656755	0.52	0.0108781819783317	0.0223239839725243	0.0231129315389116	0.0159220012466628	0.00166865734560528
2013	0.103496282342588	0.508571428571428	0.0842068175812561	0.0701087578706354	0.0950263311878291	0.118679948722171	0.0164231012435888
2013	0.0265753208047877	0.502857142857143	0.0180128600369946	0.0201488265598168	0.0166179052077238	0.0244745786632481	0.00198482400056207
2013	0.0210478190774435	0.531428571428571	0.0200827974984586	0.010440755580996	0.0136337039204213	0.0212261987368718	0.00133492587648423
2013	0.0819534631104572	0.411428571428571	0.0639478551924601	0.0546994848311391	0.0732592159157402	0.067592647041528	0.00876484226796881
2013	0.0473206397876999	0.485714285714286	0.036774420857923	0.0453577561534058	0.0576360444704506	0.0440848201159632	0.00946743483453945
2013	0.0397546999233437	0.445714285714286	0.031181185589712	0.0282312535775615	0.0370392042129901	0.0355157773413151	0.00298601840792524
2013	0.0492868904021532	0.502857142857143	0.0456267065973751	0.0639725243274184	0.109303686366296	0.0462300210521364	0.00310897210707511
2013	0.0358789174621617	0.451428571428572	0.0239584250858804	0.018225529479107	0.0269748390871855	0.0351770614040246	0.00391695355863135
2013	0.0301382906682158	0.56	0.0357614727384832	0.017378362907842	0.0231714452896431	0.0307055405929881	0.00286306470877538
2013	0.256483986401246	0.434285714285714	0.205892715581785	0.140515168860904	0.16582796957285	0.228256906629659	0.0269971193704771
2013	0.377435899198719	0.422857142857143	0.291993305734167	0.219736691471093	0.242656524283207	0.332193303303656	0.0593163774327268
2013	0.146901608406753	0.394285714285714	0.081476261781027	0.0954779622209502	0.126272674078408	0.109894504098698	0.0160191105178107
2013	0.0607973627491759	0.485714285714286	0.042235532458381	0.0326273611906125	0.0321240491515506	0.0508332647276747	0.00728939787817045
2013	0.0299750093671904	0.594285714285714	0.0322381749317361	0.0176073268460218	0.0206553540081919	0.0324908558457902	0.00379399985948149
2013	0.0183321932288104	0.451428571428572	0.0144895622302475	0.0106010303377218	0.0130485664131071	0.0165194585249391	0.00105388884985597
2013	0.00758828362133863	0.502857142857143	0.0125077072139523	0.00842587292501431	0.0126974839087185	0.00791983722817458	0.000193212955806928
2013	0.13022972819679	0.605714285714286	0.118514929974456	0.0740469376073268	0.0831480397893505	0.140651792959883	0.0258202768214712
2013	0.0416848567765177	0.405714285714286	0.0276138465603805	0.0326731539782484	0.0362785254534816	0.0332741364507745	0.00426824984191667
2013	0.0716908036533761	0.531428571428571	0.0621421650665022	0.0449227246708643	0.0494441193680515	0.0681195384995354	0.00758799971896297
2013	0.0243564138613793	0.434285714285714	0.0254998678763322	0.0231711505437894	0.0240491515506144	0.0215084620179472	0.00291575915126818
2013	0.083032838447762	0.44	0.0637276490795384	0.03649685174585	0.0425980105324751	0.0987850917943712	0.0124534532424647
2013	0.014623129569728	0.405714285714286	0.0134325728882234	0.00954779622209502	0.0111176126389702	0.0128947275571289	0.00054450923909225
2013	0.0642211138190981	0.497142857142857	0.0486215097331102	0.0496164854035489	0.0619660620245758	0.0579063121126231	0.0191807770673786
2013	0.902735907104971	0.331428571428571	0.612305117590064	0.381431024613623	0.417729666471621	0.700697425523657	0.137304152322068
2013	0.0476936086542527	0.394285714285714	0.0268211045538624	0.0246594161419576	0.0221181977764775	0.0318886941794959	0.00245907398299726
2013	0.120468943896545	0.382857142857143	0.0741213776094424	0.0656668574699485	0.0692802808660035	0.0866077834099757	0.0161244994027963
2013	0.0333815729317415	0.422857142857143	0.0242226724213864	0.0128219805380653	0.0179052077238151	0.0234513742693497	0.00316166654956791
2013	0.26317680099275	0.52	0.231436624680701	0.186422438465942	0.18642480983031	0.251484822468157	0.264104545773906
2013	0.0870667459583581	0.411428571428571	0.0544349511142429	0.0496164854035489	0.0642480983031012	0.064259588130829	0.00634089791330008
2013	0.0402823563382364	0.497142857142857	0.0299039901347661	0.0313680595306239	0.0324751316559391	0.0308701941736154	0.00495327759432305
2013	0.39460793581498	0.571428571428572	0.285739452127191	0.277870635374928	0.185664131070802	0.363058793089254	0.120002810370266
2013	0.124501132656604	0.44	0.0875539504976658	0.0454264453348598	0.0558221181977765	0.111016500640973	0.0142977587297126
2013	0.0987112808472753	0.36	0.0592354443759359	0.0448540354894104	0.0533645406670568	0.0751079069001611	0.00974847186116771
2013	0.00235125073476585	0.348571428571429	0.00145336034528318	0.00228963938179737	0.00368636629607958	0.00213343996612841	0.000509379610763718
2013	0.0431870447459515	0.457142857142857	0.0225931471857659	0.0272467086433887	0.0263897015798713	0.0323214978771449	0.00930935150706106
2013	0.0969736240542575	0.411428571428571	0.0666784109926892	0.0277046365197481	0.0248683440608543	0.143563809142978	0.0254514157240216
2013	0.316270723834601	0.548571428571429	0.27314366246807	0.171700057240985	0.119426565242832	0.321643713173463	0.0980292278507693
2013	0.0257812580566431	0.411428571428571	0.0189377257112657	0.01220377790498	0.01234640140433	0.0241052842038411	0.00328462024871777
2013	0.0539962668738334	0.4	0.0376992865321941	0.0262163709215798	0.0351082504388531	0.0374704505627624	0.00850137005550481
2013	0.0245626639258325	0.44	0.0170439531401392	0.0151116199198626	0.0203627852545348	0.026024674515154	0.00400477762945268
2013	0.0437404824189008	0.411428571428571	0.028979124460495	0.0238580423583286	0.0255119953188999	0.0450045279734673	0.00735965713482751
2013	0.0585320495412655	0.428571428571429	0.047432396723333	0.026078992558672	0.0303101228788765	0.047735425217872	0.00693810159488513
2013	0.162439113262223	0.382857142857143	0.106403593763763	0.0595306239267315	0.0631363370392042	0.13880061627483	0.0461076371811986
2013	0.185719589287372	0.417142857142857	0.171980974191844	0.133096737263881	0.135868929198362	0.152316323050325	0.100207264807138
2013	0.350616515817661	0.537142857142857	0.323658944772307	0.280778477389811	0.260561732007022	0.366111940912887	0.0883861448745872
2013	0.0218315693223654	0.371428571428571	0.00938078041046419	0.00984544934172868	0.010122878876536	0.0155879896973902	0.002178036956369
2013	0.187170214740692	0.434285714285714	0.138201356469656	0.117779049799657	0.11193680514921	0.171037435167653	0.0473723038010258
2013	0.0921026850320891	0.422857142857143	0.0562846824627852	0.0641327990841443	0.0754827384435342	0.0634692509438178	0.0113468699501159
2013	0.00210546940795919	0.394285714285714	0.00184973134854224	0.00238122495706926	0.00292568753657109	0.00239453350112317	0.00140518513314129
2013	0.0988229996321874	0.491428571428571	0.0823570862327138	0.0453806525472238	0.0397308367466355	0.078382160960636	0.0282266563619757
2013	0.00891859653706142	0.451428571428572	0.00770721395225931	0.00654836863194047	0.00848449385605617	0.00739529796417609	0.000825546265720509
2013	0.0234454760767113	0.388571428571429	0.0222848586276755	0.0139896966227819	0.0155646576945582	0.0186576028790855	0.00300358322208951
2013	0.0282167275677274	0.394285714285714	0.0251034968730732	0.0182026330852891	0.0217086015213575	0.0219930139837934	0.00507623129347291
2013	0.0576365805114314	0.422857142857143	0.0407381308905135	0.0262392673153978	0.0284961966062025	0.0581485880955461	0.00620037939998595
2013	0.0304682907713409	0.405714285714286	0.0221086937373381	0.0160732684602175	0.0164423639555295	0.0216519458524939	0.00289819433710391
2013	0.014561254550392	0.548571428571429	0.0119792125429402	0.0089524899828277	0.0163838502047981	0.0122902136968257	0.00400477762945268
2013	0.146081764400551	0.411428571428571	0.0890513520655333	0.0798397252432742	0.0687536571094207	0.12255636444894	0.0482329796950748
2013	0.332244791326497	0.537142857142857	0.341319475028627	0.189353176874642	0.167583382094792	0.299326096416432	0.254707370196023
2013	0.0619558006111877	0.405714285714286	0.0353210605126398	0.0402976531196337	0.0409011117612639	0.0466792901078481	0.00428581465608094
2013	0.0880808087752527	0.48	0.0798907777679908	0.0481969089868346	0.0547688706846109	0.0725181412962941	0.0800428581465608
2013	0.227756789923997	0.508571428571428	0.202897912446049	0.175203205495135	0.149327091866589	0.204019899561316	0.276874165671327
2013	0.2236163198801	0.388571428571429	0.156918876068	0.140583858042358	0.152545348156817	0.169983652251638	0.0545211831658821
2013	0.077807836814949	0.422857142857143	0.0659297102087554	0.0457240984544934	0.0493270918665887	0.0641184564902913	0.0117332958617298
2013	0.0286584464557645	0.36	0.026116444992513	0.0196680022896394	0.02469280280866	0.0236771848942101	0.00483032389517319
2013	0.0780501806406814	0.388571428571429	0.0504271998590681	0.0402747567258157	0.0435342305441779	0.063648017688499	0.0120845921450151
2013	0.0308257908830597	0.445714285714286	0.0214921166211574	0.0227819118488838	0.0276184903452311	0.021214437766827	0.00258202768214712
2013	0.0998576874555273	0.645714285714286	0.0828855809037259	0.0987750429307384	0.110590988882387	0.109995648441083	0.0549954331483173
2013	0.527161414737942	0.497142857142857	0.383951378490267	0.293577561534058	0.195377413692218	0.484533148294071	0.1407292910841
2013	0.0110979722181163	0.434285714285714	0.0091605742975425	0.00485403548941042	0.00479812755997659	0.00903242499441354	0.00748261083397738
2013	0.191491153590986	0.502857142857143	0.149167620893156	0.139736691471093	0.112580456407256	0.180081621132111	0.141291365137357
2013	0.0662956457173893	0.342857142857143	0.0450982119263631	0.0325357756153406	0.0327091866588648	0.0426970256506757	0.0141748050305628
2013	0.0299011030940947	0.462857142857143	0.0240024663084647	0.0201717229536348	0.0232299590403745	0.0221294412363132	0.0056031757184009
2013	0.995570779865869	0.502857142857143	0.97868404826918	0.98417859187178	0.965242832065535	0.992592941065779	0.962569381015949
2013	0.035758604924564	0.542857142857143	0.0252796617634106	0.0300629650829994	0.0241661790520772	0.032561421666059	0.0133492587648423
2013	0.0108298471343272	0.434285714285714	0.00951290407821721	0.00842587292501431	0.0124634289057929	0.00871723099721265	0.00172135178809808
2013	0.101203469126084	0.388571428571429	0.0679115652250507	0.0584773898111048	0.0631948507899356	0.0696578733813965	0.0158434623761681
2013	0.0234111010659691	0.525714285714286	0.023518012860037	0.0127761877504293	0.0149210064365126	0.0235995624919143	0.00546265720508677
2013	0.0498695468342334	0.44	0.0338236589447723	0.0241099026903263	0.0244002340550029	0.0344549378432733	0.00632333309913581
2013	0.00279468837334012	0.468571428571429	0.00154144279045186	0.00405266170578134	0.00403744880046811	0.00227927599468404	0.000966064779034638
2013	0.0281651650516141	0.457142857142857	0.0166035409142958	0.0178591871780195	0.0186658864833236	0.0208004516212497	0.00414529614276681
2013	0.0279846962452176	0.394285714285714	0.0224610235180129	0.01740125930166	0.023990637799883	0.0234866571794842	0.00281037026628258
2013	0.0245540701731469	0.394285714285714	0.0187615608209284	0.0100973096737264	0.00895260386190755	0.0280334481988074	0.0111009625518162
2013	0.0374189179434119	0.388571428571429	0.020919580727561	0.0229421866056096	0.0283791691047396	0.0268597033883355	0.00439120354106654
2013	0.0283267276021024	0.382857142857143	0.0168237470272175	0.0160045792787636	0.0139847864248098	0.0195185058863655	0.00374130541698869
2013	0.143209732253041	0.417142857142857	0.096670483572624	0.0705437893531769	0.0681685196021065	0.113465134604302	0.0185660085716293
2013	0.0322815725879914	0.457142857142857	0.0153703866819343	0.0237664567830567	0.0192510239906378	0.0237265809683983	0.0120670273308508
2013	0.260103675032398	0.377142857142857	0.130538183739981	0.103468803663423	0.11685196021065	0.18672186481941	0.0269092952996557
2013	0.0175587554871111	0.462857142857143	0.0124196247687836	0.0106010303377218	0.0118197776477472	0.0147294388841192	0.00230099065551886
2013	0.286715089598465	0.497142857142857	0.202545582665375	0.193749284487693	0.191983616149795	0.244350618038976	0.160559966275557
2013	0.0233011010315941	0.325714285714286	0.00942482163304853	0.0180652547223812	0.017612638970158	0.0148164700624508	0.00418042577109534
2013	0.0639168949740297	0.451428571428572	0.0506914471945741	0.0299942759015455	0.0317144528964307	0.0719536147341433	0.0298074896367596
2013	0.111019253443517	0.28	0.108341407557474	0.0303377218088151	0.0279695728496197	0.0688628318063674	0.0578409330429284
2013	0.0103073469710459	0.382857142857143	0.00660618338765084	0.00936462507155123	0.0157987126974839	0.00800216401848824	0.00135249069064849
2013	0.00693000216562568	0.537142857142857	0.00673830705540386	0.00753291356611334	0.00643651258045641	0.00568290072565185	0.000983629593198904
2013	0.020460006393752	0.434285714285714	0.0121994186558619	0.0148826559816829	0.0178466939730837	0.0176696813953215	0.00230099065551886
2013	0.00864015895004967	0.514285714285714	0.00713467805866291	0.00902117916428163	0.0104154476301931	0.00816916979312454	0.00187943511557648
2013	0.161009112815348	0.32	0.147361930767198	0.0402747567258157	0.0308367466354593	0.106893104543263	0.0868228764139675
2013	0.0467895458717331	0.468571428571429	0.0394168942129834	0.044304522037779	0.0462843768285547	0.0349018547049761	0.00815007377221949
2013	0.00227734446167014	0.28	0.00286267946798203	0	0	0.00187705081915156	0
2013	0.0454729829603072	0.485714285714286	0.0322822161543204	0.0376187750429307	0.0359859566998245	0.0385900949110283	0.0109077495960093
2013	0	0	0	0	0	0	0
2013	0.00292875091523466	0.394285714285714	0.0041839161455122	0.000778477389811105	0.000760678759508485	0.00286026791489762	0.00054450923909225
2013	0.0207092252216329	0.497142857142857	0.0106139346428257	0.0144018317115054	0.0163253364540667	0.0178907876321639	0.00295088877959671
2013	0.0118559412049816	0.325714285714286	0.00722276050383159	0.0107842014882656	0.0146869514335869	0.00937819751373093	0.000966064779034638
2013	0.00867969021240319	0.497142857142857	0.00673830705540386	0.0181339439038351	0.0246342890579286	0.0088748279958131	0.00128223143399143
2013	0.014968598427687	0.417142857142857	0.0153703866819343	0.0114024041213509	0.010825043885313	0.0108930104555024	0.000474249982435186
2013	0.00866422145756921	0.377142857142857	0.00783933762001233	0.00689181453921007	0.0100058513750731	0.00759053006691992	0.00186187030141221
2013	0.00337218855380892	0.348571428571429	0.00766317272967498	0.00242701774470521	0.00345231129315389	0.0044527032589648	0.000474249982435186
2013	0.0360903237782262	0.468571428571429	0.0269972694441998	0.0364052661705781	0.0353423054417788	0.0309736907100098	0.00832572191386215
2013	0.0170225053195329	0.502857142857143	0.0158107989077777	0.024361763022324	0.0281451141018139	0.0145859550495725	0.00939717557788239
2013	0.0202743813357442	0.388571428571429	0.0173082004756452	0.0117229536348025	0.0136337039204213	0.014428358050972	0.00340757394786763
2013	0.00356468861396519	0.485714285714286	0.00211397868404827	0.00343445907269605	0.00280866003510825	0.00318016630011643	0.0010363240356917
2013	0.00683203338501043	0.52	0.00731084294900026	0.00657126502575844	0.00766530134581627	0.00658143883707528	0.000105388884985597
2013	0.0286464152020048	0.371428571428571	0.0133004492204704	0.0107384087006297	0.0100058513750731	0.0419466757618168	0.0131033513665425
2013	0.13517113599098	0.622857142857143	0.140711706156963	0.150749856897539	0.117729666471621	0.151111999717737	0.0636021920888077
2013	0.19397990436872	0.628571428571428	0.16555095569453	0.148162564396108	0.148917495611469	0.21465887306385	0.08460970982927
2013	0.00825687758027424	0.462857142857143	0.00673830705540386	0.01039496279336	0.00713867758923347	0.00780222752772649	0.00370617578866016
2013	0.0107267221021007	0.445714285714286	0.00321500924865674	0.00922724670864339	0.0108835576360445	0.00984393192750538	0.00944987002037519
2013	0.00304046970014678	0.348571428571429	0.00176164890337356	0.00345735546651402	0.00468110005851375	0.00285791572088866	0.00054450923909225
2013	0.00231343822294944	0.428571428571429	0.0015854840130362	0.00354894104178592	0.00421299005266238	0.00298022980935468	0.000632333309913581
2013	0.026233289447903	0.662857142857143	0.0225491059631815	0.0307727532913566	0.0244587478057343	0.027878203394216	0.0135776013489777
2013	0.00562547050795953	0.434285714285714	0.00352329780674712	0.00485403548941042	0.00877706260971328	0.0051371917155727	0.00133492587648423
2013	0.03073641585513	0.308571428571429	0.0200827974984586	0.0319862621637092	0.0449970743124634	0.0246862761240547	0.00526944424927984
2013	0.00958375299492281	0.434285714285714	0.00885228573945213	0.0086090440755581	0.016500877706261	0.00722593999553083	0
2013	0.015736879917775	0.6	0.0101735224169823	0.0143102461362335	0.0118782913984786	0.0147811871523163	0.00551535164757957
2013	0.00294250091953154	0.314285714285714	0.00391966881000617	0.00345735546651402	0.00514921006436513	0.00294494689922025	0.000140518513314129
2013	0.0060328143852545	0.508571428571428	0.00220206112921695	0.00744132799084144	0.00602691632533645	0.00530890187822692	0.00235368509801166
2013	0.668820834006511	0.64	0.688540473883555	0.482999427590155	0.287829139847864	0.706968374751549	0.482241972879927
2013	0.0132618791443372	0.554285714285714	0.0122875011010306	0.0100515168860904	0.00579286132241077	0.0144636409611065	0.0088175367104616
2013	0.0072943772794929	0.485714285714286	0.00581344138113274	0.00343445907269605	0.00140433001755413	0.00876427487739189	0.00730696269233471
2013	0.0384209495065467	0.662857142857143	0.0332511230511759	0.0465025758443045	0.0347571679344646	0.0417679090171357	0.0170378697393382
2013	0.00912656535205167	0.474285714285714	0.00343521536157844	0.00496851745850029	0.00514921006436513	0.00683782798405212	0.002178036956369
2013	0.0149290671653335	0.525714285714286	0.013256407997886	0.0127074985689754	0.0112931538911644	0.0136638949980594	0.00832572191386215
2013	0.0388128246290077	0.377142857142857	0.0410904606711882	0.0300171722953635	0.0356348741954359	0.028736754207487	0.00430337947024521
2013	0.00476953274047898	0.394285714285714	0.00629789482956047	0.00180881511161992	0.00245757753071972	0.00537241111646889	0.00231855546968313
2013	0.0488056402517626	0.571428571428572	0.0572535893596406	0.0381682884945621	0.0456407255705091	0.0467310383760453	0.0281915267336472
2013	0.0154739110855972	0.4	0.0192900554919405	0.00826559816828849	0.00690462258630778	0.0196855116610018	0.0161947586594534
2013	0.0038534387041996	0.302857142857143	0.00590152382630142	0.00187750429307384	0.0018724400234055	0.00346007738718289	0.000351296283285323
2013	0.0109845346826671	0.394285714285714	0.0126398308817053	0.013050944476245	0.0173785839672323	0.00824444000141132	0.00191456474390501
2013	0.0225379757931174	0.542857142857143	0.0228573945212719	0.0252776187750429	0.0154476301930954	0.0205581756383266	0.0138059439331132
2013	0.0125159414112317	0.411428571428571	0.0168237470272175	0.00746422438465942	0.00889409011117613	0.0105495901301939	0.00328462024871777
2013	0.0100409406377939	0.354285714285714	0.00792742006518101	0.00794504865483686	0.0124049151550614	0.00644971597257342	0.00172135178809808
2013	0.0105204720376475	0.565714285714286	0.00616577116180745	0.0181568402976531	0.0200702165008777	0.00942288919990121	0.0045141572402164
2013	0.00449109515346724	0.457142857142857	0.00400775125517484	0.00620492272467086	0.00766530134581627	0.00453032566126054	0.0021253425138762
2013	0.0240521950163109	0.4	0.0187615608209284	0.0209730967372639	0.0259801053247513	0.0182436167335082	0.0033197498770463
2013	0.0889195590373622	0.48	0.070686162247864	0.0776874642243847	0.08724400234055	0.0916273654251003	0.0526241832361414
2013	0.0621345506670471	0.554285714285714	0.0452743768167004	0.03480251860332	0.0340550029256875	0.0641137521022734	0.01412211058807
2013	0.0256523517663599	0.582857142857143	0.0266889808861094	0.0108986834573555	0.00760678759508484	0.0563350465146365	0.0359376097800885
2013	0.211246472264523	0.462857142857143	0.203162159781556	0.135203205495135	0.111878291398479	0.19068766391852	0.0477411648984754
2013	0.0376646992702185	0.371428571428571	0.0275257641152118	0.0263308528906697	0.0339964891749561	0.0268032507321204	0.00259959249631139
2013	0.000395312623535195	0.331428571428571	0.0015854840130362	0.00151116199198626	0.0013458162668227	0.000616274830348007	0.00045668516827092
2013	0.0137328167915052	0.485714285714286	0.012727913326874	0.0152489982827705	0.0167349327091867	0.0116410081503522	0.00532213869177264
2013	0.0219725068664084	0.52	0.0155465515722716	0.0204922724670864	0.0252779403159743	0.020353534759547	0.00709618492236352
2013	0.0448714202723188	0.468571428571429	0.0308288558090373	0.0295134516313681	0.0289643066120538	0.0393522057699319	0.0232206843251598
2013	0.00358703237094762	0.44	0.00713467805866291	0.00201488265598168	0.00257460503218256	0.00266974020017171	0.000790416637391976
2013	0.0129559415487317	0.674285714285714	0.0193781379371091	0.0116084716657127	0.0148624926857812	0.0147741305702894	0.00618281458582168
2013	0.00897531530478603	0.554285714285714	0.00832379106844006	0.0129135661133372	0.0195435927442949	0.00937114093170405	0.00133492587648423
2013	0.00757281486650465	0.262857142857143	0.00264247335506034	0.0065254722381225	0.00415447630193095	0.00425747115622097	0.000930935150706106
2013	0.0152573485179214	0.462857142857143	0.0140491500044041	0.0158443045220378	0.0295494441193681	0.0125583638138474	0.00142274994730556
2013	0.0016035942511232	0.211428571428571	0.000880824451686779	0.00162564396107613	0.00122878876535986	0.0102132263869124	0.00117684254900583
2013	0.182567400802313	0.777142857142857	0.246102351801286	0.13728677733257	0.0938560561732007	0.234838345466734	0.12673013419518
2013	0.0210890690903341	0.497142857142857	0.0186734783757597	0.0222095020034345	0.027325921591574	0.0158773095604926	0.00586664793086489
2013	0.00652437703886782	0.457142857142857	0.00528494671012067	0.00739553520320549	0.00813341135166764	0.00623801851176685	0.00180917585891941
2013	0.0477468899209031	0.382857142857143	0.0533779617722188	0.0282541499713795	0.0263897015798713	0.0658802498030037	0.0105915829410525
2013	0.00730125228164134	0.525714285714286	0.0031709680260724	0.00366342301087579	0.00298420128730252	0.00705422983287662	0.000878240708213307
2013	0.0194150060671894	0.891428571428571	0.0277900114507179	0.0161648540354894	0.0199531889994149	0.0264057299446058	0.0118386847467154
2013	0.0089701590531747	0.308571428571429	0.00977715141372324	0.00934172867773326	0.0114686951433587	0.00739059357615816	0.00117684254900583
2013	0.00529375165429739	0.348571428571429	0.00295076191315071	0.00100744132799084	0.00169689877121123	0.00414221364978183	0.00137005550481276
2013	0.0204084438776387	0.422857142857143	0.0173082004756452	0.0187063537492845	0.0235225277940316	0.0153598268785209	0.00386425911613855
2013	0.00622875194648498	0.405714285714286	0.00268651457764468	0.00659416141957642	0.0032182562902282	0.00444329448292895	0.000966064779034638
2013	0.0584598620187069	0.434285714285714	0.0395490178807364	0.0219347452776188	0.0110590988882387	0.0970585813917932	0.0198306751914565
2013	0.00967312802285251	0.36	0.00665022461023518	0.0112192329708071	0.00953774136922177	0.00669199195549649	0.00182674067308368
2013	0.0105015657817393	0.554285714285714	0.00603364749405444	0.0108299942759015	0.0111176126389702	0.0106554388605972	0.0045668516827092
2013	0.117622693007092	0.468571428571429	0.124724742358848	0.0868918145392101	0.105090696313634	0.122365836734214	0.105055153516476
2013	0.145717389286684	0.52	0.185281423412314	0.139530623926732	0.162434172030427	0.159038893527938	0.0803238951731891
2013	0.00751609609878003	0.365714285714286	0.00361138025191579	0.00751001717229536	0.00725570509069631	0.00497018594093641	0.00196725918639781
2013	0.0084476588898934	0.274285714285714	0.00638597727472915	0.00984544934172868	0.0136337039204213	0.00447622519905442	0.00140518513314129
2013	0.00159843799951187	0.36	0	0.00297653119633658	0.00380339379754242	0.00241805544121279	0
2013	0.00841672138022543	0.531428571428571	0.00643001849731349	0.00977676016027476	0.0088355763604447	0.00801862937655098	0.00242394435466873
2013	0.0203586001120625	0.554285714285714	0.0110983880912534	0.0144476244991414	0.0168519602106495	0.0175214931727569	0.00850137005550481
2013	0.0152057860018081	0.451428571428572	0.0118911300977715	0.0106697195191757	0.0122293739028672	0.0111588083785151	0.00154570364645542
2013	0.0121515662973645	0.365714285714286	0.00559323526821105	0.00849456210646823	0.0130485664131071	0.00907711668058381	0.00045668516827092
2013	0.0200750062734395	0.485714285714286	0.0140491500044041	0.0248883800801374	0.0227033352837917	0.0147717783762805	0.00774608304644137
2013	0.0435118885974652	0.4	0.0271734343345371	0.04	0.0572264482153306	0.0336481352981994	0.00368861097449589
2013	0.00655703329907291	0.537142857142857	0.00524090548753633	0.00618202633085289	0.000877706260971328	0.00754583838074964	0.00447902761188787
2013	0.0617272067897521	0.48	0.0684841011186471	0.0714596451058958	0.07530719719134	0.0587319322097687	0.0141572402163985
2013	0.0150700047093765	0.531428571428571	0.00968906896855457	0.0123411562678878	0.0140433001755413	0.0152586825361356	0.00581395348837209
2013	0.0114760973362804	0.457142857142857	0.0218884876244165	0.0136004579278764	0.0138092451726156	0.0198431086596022	0.0020726480713834
2013	0.0173112554097673	0.708571428571429	0.0118470888751872	0.0210188895248998	0.020245757753072	0.0212520728709704	0.0178634160050587
2013	0.226301008219065	0.817142857142857	0.327622654804897	0.289433314253005	0.227852545348157	0.293596151810601	0.194056066886812
2013	0.0242326638227074	0.342857142857143	0.0177926539240729	0.0212249570692616	0.0402574605032183	0.0161901513636845	0.00231855546968313
2013	0.00814687754589923	0.462857142857143	0.00506474059719898	0.000709788208357184	0.000643651258045641	0.0218730520893363	0.00137005550481276
2013	0.00427109508471721	0.337142857142857	0.00413987492292786	0.00119061247853463	0.00193095377413692	0.00367647923600739	0.000983629593198904
2013	0.00356984486557652	0.502857142857143	0.00488857570686162	0.00489982827704637	0.00111176126389702	0.004193961917979	0.00117684254900583
2013	0.0638550199546937	0.405714285714286	0.0482251387298511	0.0311390955924442	0.0348741954359274	0.0522539899090877	0.0151935642520902
2013	0.0145371920428725	0.411428571428571	0.0116268827622655	0.0145392100744133	0.0157401989467525	0.00948169405012525	0.00391695355863135
2013	0.0492662653957079	0.502857142857143	0.0493261692944596	0.0381682884945621	0.0468695143358689	0.0433015395109789	0.00918639780791119
2013	0.0179007868439959	0.485714285714286	0.00924865674271118	0.0167372638809388	0.0208894090111176	0.0131158337939713	0.00115927773484157
2013	0.0156956299048843	0.365714285714286	0.00665022461023518	0.0081740125930166	0.0100058513750731	0.0167899608359698	0.00272254619546125
2013	0.0153243797888687	0.365714285714286	0.00502069937461464	0.00762449914138523	0.0131655939145699	0.00957578181048373	0.000913370336541839
2013	0.0285673526772977	0.411428571428571	0.0201708799436272	0.0158214081282198	0.0179052077238151	0.0207369423830078	0.0112941755076231
2013	0.0204084438776387	0.451428571428572	0.015854840130362	0.0148368631940469	0.0185488589818607	0.0153316005504134	0.00275767582378978
2013	0.0101956281861338	0.48	0.0073548841715846	0.00961648540354894	0.0146284376828555	0.00997330259799828	0.000614768495749315
2013	0.0703536157355049	0.737142857142857	0.0846912710296838	0.0779851173440183	0.0918080748976009	0.0813812083220624	0.0406098503477833
2013	0.0711597097374093	0.777142857142857	0.0704659561349423	0.0729021179164282	0.0795787009947338	0.0938478365695603	0.0704875992412
2013	0.0167045364701676	0.268571428571429	0.00625385360697613	0.0100057240984545	0.0147454651843183	0.0123631317111035	0.0022834258413546
2013	0.0510743909607472	0.611428571428571	0.0457588302651282	0.0553405838580424	0.0629607957870099	0.0578780857845155	0.0265228693880419
2013	0.00313843848076203	0.56	0.00343521536157844	0.00517458500286205	0.00280866003510825	0.00366236607195361	0.000562074053256517
2013	0.00503250157265674	0.291428571428571	0.00365542147450013	0.00618202633085289	0.00667056758338209	0.00551119056299764	0.00068502775240638
2013	0.030109071909085	0.394285714285714	0.0217563639566634	0.0232169433314253	0.0362785254534816	0.0213790913474543	0.00173891660226235
2013	0.282163838176199	0.537142857142857	0.270280983000088	0.235672581568403	0.221240491515506	0.28204452703259	0.201134686995012
2013	0.023393913560598	0.514285714285714	0.0251915793182419	0.014745277618775	0.00672908133411352	0.0219953661778023	0.00493571278015879
2013	0.0377764180551306	0.377142857142857	0.0251475380956575	0.0273153978248426	0.0280280866003511	0.0273466075481906	0.00391695355863135
2013	0.0136331292603529	0.417142857142857	0.0134325728882234	0.00851745850028621	0.0110590988882387	0.0114175497195009	0.00505866647930865
2013	0.010920940912794	0.434285714285714	0.00880824451686779	0.0150429307384087	0.0143943826799298	0.00842791113411034	0.00068502775240638
2013	0.006213283191651	0.348571428571429	0.00215801990663261	0.000457927876359473	0.00128730251609128	0.0169428534465523	0.00453172205438067
2013	0.0165292239153825	0.445714285714286	0.0127719545494583	0.0108299942759015	0.0115272088940901	0.0153857010126195	0.0113293051359517
2013	0.0251453203579126	0.457142857142857	0.0174843653659826	0.0254378935317687	0.0443534230544178	0.0213202864972303	0.00288062952293965
2013	0.0187000058437518	0.457142857142857	0.0103056460847353	0.0103720663995421	0.0218256290228204	0.0143036917684971	0.00170378697393382
2013	0.0400382937619668	0.577142857142857	0.044305469919845	0.0227819118488838	0.0236395552954944	0.0449363143472074	0.0349715450010539
2013	0.0091489091090341	0.554285714285714	0.00603364749405444	0.00670864338866629	0.00643651258045641	0.00933585802156962	0.000298601840792524
2013	0.0681845525576727	0.52	0.0639918964150445	0.0553176874642244	0.0654768870684611	0.0612934714855281	0.0158258975620038
2013	0.0150957859674331	0.497142857142857	0.012727913326874	0.0179507727532914	0.0295494441193681	0.0114222541075188	0.00100119440736317
2013	0.00860062768769615	0.422857142857143	0.00493261692944596	0.0101431024613623	0.0166179052077238	0.00621449657167723	0.000281037026628258
2013	0.0157987549371109	0.354285714285714	0.00863207962653043	0.00995993131081855	0.00526623756582797	0.0124242887553365	0.0020726480713834
2013	0.0676637711449285	0.365714285714286	0.0431603981326522	0.0333371493989697	0.0490345231129315	0.059327037294036	0.00851893486966908
2013	0.00406484502026407	0.417142857142857	0.00453624592618691	0.00409845449341729	0.00491515506143944	0.00363413974384607	0.000281037026628258
2013	0.00457015767817427	0.582857142857143	0.00665022461023518	0.00311390955924442	0.00602691632533645	0.00507133028332177	0
2013	0.0034409385752933	0.64	0.00303884435831939	0.00183171150543789	0.00333528379169105	0.00371646653415974	0.00131736106231996
2013	0.0283146963483426	0.491428571428571	0.0214921166211574	0.0282083571837436	0.0419543592744295	0.0218001340750585	0.00200238881472634
2013	0.00311781347431671	0.462857142857143	0.00233418479696996	0.000526617057813394	0.000585137507314219	0.00551824714502452	0.00115927773484157
2013	0.00631297072280335	0.548571428571429	0.00638597727472915	0.00336576989124213	0.000702165008777063	0.00579580603808202	0.000667462938242113
2013	0.0251504766095239	0.337142857142857	0.0124196247687836	0.0179278763594734	0.020947922761849	0.0173356698460489	0.0033197498770463
2013	0.0168334427604509	0.291428571428571	0.00572535893596406	0.0068689181453921	0.01275599765945	0.0119279758194456	0.0000351296283285323
2013	0.020820944006545	0.377142857142857	0.0193340967145248	0.0124556382369777	0.0155646576945582	0.0143954273348466	0.00266985175296845
2013	0.0072943772794929	0.617142857142857	0.00436008103584956	0.00377790497996566	0.00433001755412522	0.00694132452044645	0.00252933323965432
2013	0.0461020456568893	0.451428571428572	0.0388443583193869	0.0396336576989124	0.0562902282036279	0.0348783327648865	0.00551535164757957
2013	0.0183614119879412	0.485714285714286	0.0112305117590064	0.013073840870063	0.0245757753071972	0.0149576017029885	0.00077285182322771
2013	0.0328504790157747	0.554285714285714	0.0238703426407117	0.0313680595306239	0.0376243417203043	0.0344784597833629	0.0160542401461393
2013	0.14090316903224	0.348571428571429	0.0734607592706774	0.0779393245563824	0.119543592744295	0.0955131899279053	0.0132263050656924
2013	0.00975390929809665	0.468571428571429	0.00687043072315687	0.00464796794504866	0.00655354008191925	0.0069624942665271	0.000790416637391976
2013	0.0131312541035169	0.508571428571428	0.00960098652338589	0.0151574127074986	0.0234055002925688	0.00982746656944265	0.00105388884985597
2013	0.0239301637281762	0.428571428571429	0.013388531665639	0.0265827132226674	0.0447045055588063	0.0161266421254425	0.00107145366402023
2013	0.0374979804681189	0.44	0.0266449396635251	0.026926159129937	0.0377413692217671	0.030526773848307	0.00490058315183025
2013	0.0228009446252952	0.354285714285714	0.00973311019113891	0.0137836290784201	0.0139847864248098	0.016837004716149	0.00126466661982716
2013	0.0169004740313981	0.468571428571429	0.00911653307495816	0.0196680022896394	0.0207138677589233	0.0140378938454844	0.0034251387620319
2013	0.0128098477530774	0.491428571428571	0.00827974984585572	0.0158900973096737	0.0276184903452311	0.00835734531384149	0.000210777769971194
2013	0.0427367321052288	0.4	0.0334272879415133	0.0410303377218088	0.0613224107665301	0.0325214343679067	0.00442633316939507
2013	0.0178818805880877	0.434285714285714	0.0201268387210429	0.0109215798511734	0.01234640140433	0.014369553200748	0.000386425911613855
2013	0.017275161648488	0.428571428571429	0.0110983880912534	0.0187292501431025	0.0331772966647162	0.0128688534230303	0.000193212955806928
2013	0.0613129879103087	0.468571428571429	0.0527613846560381	0.024361763022324	0.0282621416032768	0.0856739623884178	0.0106969718260381
2013	0.00837375261679769	0.4	0.00660618338765084	0.00597595878649113	0.00573434757167934	0.00592752890258388	0.0000526944424927984
2013	0.0112870347771984	0.394285714285714	0.00647405971989782	0.00405266170578134	0.00620245757753072	0.00791748503416562	0.00105388884985597
2013	0.0169829740571794	0.434285714285714	0.0107460583105787	0.0130967372638809	0.0155646576945582	0.0121702518023687	0.00107145366402023
2013	0.0305542282981963	0.325714285714286	0.0173082004756452	0.0158900973096737	0.020947922761849	0.0256342103096663	0.00346026839036043
2013	0.00429343884169964	0.337142857142857	0.00369946269708447	0.00137378362907842	0.00263311878291398	0.00297787761534571	0.00105388884985597
2013	0.00338765730864291	0.514285714285714	0.0033911741389941	0.00432741843159702	0.00380339379754242	0.00368588801204323	0.000333731469121057
2013	0.00501531406728565	0.331428571428571	0.00295076191315071	0.00318259874069834	0.00503218256290228	0.0033612852388065	0.000386425911613855
2013	0.0204892251528829	0.457142857142857	0.0130802431075487	0.0160045792787636	0.0253364540667057	0.0147905959283522	0.00346026839036043
2013	0.0354320423225132	0.531428571428571	0.0325905047124108	0.0281396680022896	0.0447630193095377	0.0290143131005445	0.00231855546968313
2013	0.0525731414291067	0.411428571428571	0.034175988725447	0.034779622209502	0.0476887068461088	0.0388794147741306	0.00634089791330008
2013	0.0178526618289568	0.44	0.0138289438914824	0.011265025758443	0.0105909888823874	0.0135157067754948	0.00189699992974074
2013	0.00559625174882867	0.491428571428571	0.00427199859068088	0.00309101316542645	0.00462258630778233	0.00502899079116045	0.000122953699149863
2013	0.00893578404243251	0.445714285714286	0.00510878181978332	0.00732684602175157	0.00743124634289058	0.00668258317946064	0.0010363240356917
2013	0.00786156495673905	0.388571428571429	0.00665022461023518	0.00544934172867773	0.0106495026331188	0.005920472320557	0.000948499964870372
2013	0.0104878157774424	0.4	0.0115388003170968	0.00854035489410418	0.011234640140433	0.00829854046361744	0.00131736106231996
2013	0.0039084387213871	0.337142857142857	0.00251034968730732	0.00201488265598168	0.003744880046811	0.00292848154115751	0.000421555539942387
2013	0.00504625157695362	0.428571428571429	0.00264247335506034	0.00444190040068689	0.00245757753071972	0.00397050348712762	0.0000702592566570646
2013	0.0141539106730971	0.497142857142857	0.0112305117590064	0.0103720663995421	0.0162083089526039	0.0140543592035471	0.00142274994730556
2013	0.0271201647250515	0.48	0.0203910860565489	0.0273611906124785	0.0447045055588063	0.0229056652592706	0.000509379610763718
2013	0.00541750169296928	0.354285714285714	0.00383158636483749	0.0064338866628506	0.0088355763604447	0.00353769978947864	0.000421555539942387
2013	0.0105307845408702	0.388571428571429	0.010393728529904	0.0086090440755581	0.0124634289057929	0.00734119750196996	0.00101875922152744
2013	0.00283765713676786	0.405714285714286	0.0041839161455122	0.00325128792215226	0.00333528379169105	0.00266738800616275	0.000263472212463992
2013	0.0598004874376523	0.417142857142857	0.0435127279133269	0.0427933600457928	0.0560561732007022	0.046190033753984	0.00602473125834329
2013	0.0143085982214369	0.508571428571428	0.0112305117590064	0.0123182598740698	0.0244002340550029	0.0114316628835546	0.000298601840792524
