2014	0.0109106284095714	0.474285714285714	0.0113185942041751	0.00705208929593589	0.0129315389116442	0.0113399273172051	0.000860675894049041
2014	0.0125142226606946	0.457142857142857	0.0113185942041751	0.00911276473955352	0.0136922176711527	0.0111729215425688	0.0066394997540926
2014	0.013022972819679	0.514285714285714	0.013124284330133	0.0155008586147682	0.023990637799883	0.0122761005327719	0.00272254619546125
2014	0.00430203259438519	0.462857142857143	0.00484453448427728	0.0047853463079565	0.00737273259215916	0.0043539111105884	0.000790416637391976
2014	0.0275223523507351	0.468571428571429	0.0214480753985731	0.0188437321121923	0.0245172615564658	0.0236513107601115	0.0020726480713834
2014	0.00616172067553771	0.582857142857143	0.00933673918787986	0.0106010303377218	0.019836161497952	0.00641208086843003	0.000614768495749315
2014	0.0178835993386248	0.434285714285714	0.0150620981238439	0.0181568402976531	0.0312463428905793	0.014310748350524	0.00252933323965432
2014	0.0741245544139233	0.628571428571428	0.0753104906192196	0.0527990841442473	0.0530134581626682	0.0807531725216696	0.0185660085716293
2014	0.0120415662629895	0.485714285714286	0.00933673918787986	0.0105552375500859	0.0148624926857812	0.0105284203841133	0.000913370336541839
2014	0.0322386038245637	0.411428571428571	0.0240024663084647	0.0343445907269605	0.0504973668812171	0.0255824620414692	0.00379399985948149
2014	0.0175398492312029	0.428571428571429	0.0144014797850788	0.0117229536348025	0.0149210064365126	0.0179825231985134	0.00242394435466873
2014	0.00434328260727582	0.497142857142857	0.00453624592618691	0.00721236405266171	0.0102399063779988	0.00437978524468698	0.000122953699149863
2014	0.00800594000185625	0.434285714285714	0.00682638950057254	0.011310818546079	0.0200117027501463	0.00699072059463465	0.000386425911613855
2014	0.0112560972675304	0.582857142857143	0.0116268827622655	0.0114710933028048	0.0155061439438268	0.0106295647264986	0.00159839808894822
2014	0.0472759522737351	0.571428571428572	0.0375231216418568	0.0464109902690326	0.0472791105909889	0.0443529702329848	0.0066394997540926
2014	0.00744390857622143	0.451428571428572	0.00946886285563287	0.00421293646250716	0.00778232884727911	0.00625918825784751	0.000597203681585049
2014	0.00781000244062576	0.405714285714286	0.00929269796529552	0.00897538637664568	0.00971328262141603	0.00623566631775789	0.00077285182322771
2014	0.0241965700614281	0.365714285714286	0.0173522416982295	0.018294218660561	0.0267992978349912	0.0301033789266939	0.00201995362889061
2014	0.0596440811387754	0.462857142857143	0.0512639830881705	0.0405037206639954	0.0444704505558806	0.0583908640784692	0.00734209232066325
2014	0.0022326569477053	0.411428571428571	0.00233418479696996	0.00203777904979966	0.00204798127559977	0.00250508661954438	0.000140518513314129
2014	0.005726876789649	0.497142857142857	0.00629789482956047	0.00629650829994276	0.00912814511410181	0.00553706469709622	0.000105388884985597
2014	0.0167560989862809	0.491428571428571	0.0130802431075487	0.0146994848311391	0.0287887653598596	0.0152163430439743	0.000807981451556243
2014	0.00929844040576263	0.485714285714286	0.0110103056460847	0.0120892959358901	0.0170860152135752	0.00764227833511708	0.000667462938242113
2014	0.04289657590518	0.565714285714286	0.0722276050383159	0.0341385231825987	0.050906963136337	0.0468651134345561	0.0256621934939928
2014	0.0233612573003929	0.44	0.0165594996917114	0.0232398397252433	0.0340550029256875	0.0192362426052901	0.00526944424927984
2014	0.0118181286931652	0.502857142857143	0.0133004492204704	0.0121121923297081	0.0232884727911059	0.0104484457878086	0.000579638867420783
2014	0.0053315641661138	0.52	0.00471241081652427	0.00716657126502576	0.0137507314218841	0.00558410857727545	0.000245907398299726
2014	0.00521812663066457	0.4	0.0049766581520303	0.00700629650829994	0.010825043885313	0.00398932103919931	0.000368861097449589
2014	0.00327937602480501	0.474285714285714	0.00189377257112657	0.00341156267887808	0.00497366881217086	0.0034718383572277	0.000333731469121057
2014	0.0639787699933656	0.468571428571429	0.0481370562846825	0.0488151116199199	0.0609713282621416	0.0595410869488515	0.0077285182322771
2014	0.00680281462587957	0.457142857142857	0.00365542147450013	0.00331997710360618	0.00772381509654769	0.00615804391546215	0.000368861097449589
2014	0.00346156358173862	0.428571428571429	0.00427199859068088	0.00386949055523755	0.00819192510239906	0.00331659355263622	0
2014	0.00847344014795005	0.485714285714286	0.00695851316832555	0.0103491700057241	0.018314803978935	0.00708480835499312	0
2014	0.211964909989034	0.382857142857143	0.176297014005109	0.101064682312536	0.139730836746635	0.214762369600245	0.0420501651092531
2014	0.00819156505986408	0.531428571428571	0.0100413987492293	0.00748712077847739	0.0139262726740784	0.00792689381020147	0
2014	0.0252003203751001	0.451428571428572	0.0176605302563199	0.0248883800801374	0.0375658279695728	0.0189469227421878	0.000702592566570646
2014	0.0348717296474155	0.331428571428571	0.0296837840218444	0.0250028620492272	0.0435342305441779	0.02657744010726	0.0032670554345535
2014	0.0032415635129886	0.36	0.00255439090989166	0.00302232398397252	0.00409596255119953	0.00306255659966834	0.000333731469121057
2014	0.00386375120742225	0.634285714285714	0.00594556504888576	0.00979965655409273	0.01275599765945	0.00451856469121573	0.000491814796599452
2014	0.00995328436040136	0.497142857142857	0.00854399718136175	0.0110589582140813	0.0167934464599181	0.00875486610135604	0.00145787957563409
2014	0.0129335977917493	0.714285714285714	0.0196423852726152	0.0225071551230681	0.0251609128145114	0.0149105578228092	0.0033724443195391
2014	0.0232168822552757	0.514285714285714	0.0157667576851933	0.014791070406411	0.0156816851960211	0.0212614816470062	0.00639359235579288
2014	0.0155770361178238	0.525714285714286	0.00841187351360874	0.0129135661133372	0.0201872440023406	0.0145883072435815	0.00117684254900583
2014	0.00635593948623109	0.451428571428572	0.00361138025191579	0.000870062965082999	0.00111176126389702	0.00544062474272878	0.000649898124077847
2014	0.0231240697262718	0.497142857142857	0.0151942217915969	0.0367029192902118	0.0571679344645992	0.0190363061145283	0.00154570364645542
2014	0.00445328264165083	0.491428571428571	0.00383158636483749	0.00448769318832284	0.00637799882972499	0.00486668940454209	0.000316166654956791
2014	0.0673389272934148	0.525714285714286	0.0709063683607857	0.0610417859187178	0.061029842012873	0.0685593987792113	0.0687311178247734
2014	0.0180039118762225	0.468571428571429	0.00898440940720514	0.0239954207212364	0.0452311293153891	0.014618885765698	0.000351296283285323
2014	0.0111392222310069	0.48	0.00629789482956047	0.0119977103606182	0.0229373902867174	0.010236748327002	0.00128223143399143
2014	0.0109295346654796	0.497142857142857	0.0162071699110367	0.00979965655409273	0.0128730251609128	0.00996389382196244	0.00149300920396262
2014	0.0311076659711456	0.405714285714286	0.0250594556504889	0.0300858614768174	0.0440608543007607	0.0258600209345267	0.00346026839036043
2014	0.0089512527972665	0.502857142857143	0.00973311019113891	0.0115168860904408	0.0169104739613809	0.00840909358203865	0.00077285182322771
2014	0.0020900006531252	0.354285714285714	0.00431603981326522	0.00400686891814539	0.00590988882387361	0.00254742611170569	0.000210777769971194
2014	0.0305198532874542	0.451428571428572	0.0218004051792478	0.02610188895249	0.0366296079578701	0.0241852588001458	0.0023888147263402
2014	0.0084115651286141	0.377142857142857	0.00528494671012067	0.0106239267315398	0.0234055002925688	0.00694838110247333	0.000210777769971194
2014	0.525482195463186	0.411428571428571	0.438738659385185	0.325014310246136	0.424634289057929	0.446547567243346	0.0937609780088527
2014	0.0298100093156279	0.542857142857143	0.0321500924865674	0.0170578133943904	0.0188999414862493	0.0317287449868865	0.00728939787817045
2014	0.0143653169891616	0.474285714285714	0.010525852197657	0.0132112192329708	0.0248098303101229	0.0124148799793007	0.00298601840792524
2014	0.105163470363584	0.508571428571428	0.116841363516251	0.0873497424155695	0.114335868929198	0.0977995225046162	0.0141045457739057
2014	0.00859375268554771	0.565714285714286	0.00902845062978948	0.0131883228391528	0.0210649502633119	0.00860432568478248	0.000966064779034638
2014	0.0201918813099629	0.462857142857143	0.0188056020435127	0.0158214081282198	0.0260386190754827	0.0179754666164865	0.000263472212463992
2014	0.00776531492666091	0.537142857142857	0.00792742006518101	0.00647967945048655	0.0122293739028672	0.0078445670198878	0.00293332396543245
2014	0.0385137620355506	0.485714285714286	0.042235532458381	0.0349398969662278	0.0466354593329432	0.0321803662366072	0.00391695355863135
2014	0.00887562777363368	0.554285714285714	0.00480049326169294	0.00689181453921007	0.0117612638970158	0.00810330836087361	0.000491814796599452
2014	0.00374859492143591	0.36	0.00215801990663261	0.00398397252432742	0.00789935634874196	0.00361061780375645	0
2014	0.00590562684550839	0.52	0.00273055580022901	0.00437321121923297	0.00725570509069631	0.0056617309795712	0
2014	0.0148070358771987	0.485714285714286	0.00982119263630758	0.0196451058958214	0.03744880046811	0.011716278358639	0.0010363240356917
2014	0.00764156488798903	0.537142857142857	0.00528494671012067	0.00574699484831139	0.00702165008777063	0.00757171251484822	0.00045668516827092
2014	0.0153260985394058	0.474285714285714	0.0146657271205849	0.0168746422438466	0.0169689877121123	0.0130664377197831	0.00129979624815569
2014	0.00503937657480518	0.48	0.00215801990663261	0.00510589582140813	0.0100058513750731	0.00463852658567279	0.000474249982435186
2014	0.0173353179172869	0.434285714285714	0.0107460583105787	0.0101431024613623	0.017612638970158	0.0147317910781281	0.00224829621302607
2014	0.00427453258579143	0.28	0.00118911300977715	0.00141957641671437	0.00105324751316559	0.00299434297340845	0.000439120354106654
2014	0.0532400166375052	0.468571428571429	0.0491940456267066	0.0348712077847739	0.0548858981860737	0.065311018852835	0.00955525890536078
2014	0.00713625223007882	0.537142857142857	0.00885228573945213	0.00838008013737836	0.0143358689291984	0.00718124830936056	0
2014	0.011359222299757	0.485714285714286	0.0123315423236149	0.00892959358900973	0.0126974839087185	0.0112035000646853	0.000474249982435186
2014	0.0200234437573262	0.451428571428572	0.0148859332335066	0.0111963365769891	0.0110005851375073	0.0148917402707375	0.00391695355863135
2014	0.0061960956862799	0.508571428571428	0.00616577116180745	0.0108528906697195	0.0241076653013458	0.00586166747033295	0.00231855546968313
2014	0.0100718781474619	0.508571428571428	0.00845591473619308	0.00501431024613623	0.00825043885313049	0.00910769520270032	0.00156326846061969
2014	0.0457754830548385	0.382857142857143	0.0331189993834229	0.0309330280480824	0.0431246342890579	0.0353111364625354	0.00411016651443828
2014	0.00933969041865326	0.525714285714286	0.00193781379371091	0.0126617057813394	0.0266822703335284	0.00963223446669881	0.00152813883229115
2014	0.00510125159414112	0.48	0.00585748260371708	0.00588437321121923	0.00737273259215916	0.00521246192385948	0.000737722194899178
2014	0.0168110990034684	0.611428571428571	0.0184092310402537	0.0190726960503721	0.0235225277940316	0.0182483211215261	0.0138937680039345
2014	0.00279812587441434	0.508571428571428	0.00229014357438563	0.00650257584430452	0.0106495026331188	0.00329542380655556	0
2014	0.0137396917936537	0.417142857142857	0.013124284330133	0.0114253005151689	0.0115272088940901	0.0119585543415621	0.00426824984191667
2014	0.00540031418759818	0.485714285714286	0.00849995595877742	0.00606754436176302	0.00983031012287888	0.00502663859715149	0.000649898124077847
2014	0.00629062696582093	0.417142857142857	0.00383158636483749	0.00432741843159702	0.0105909888823874	0.00576757970997448	0.000878240708213307
2014	0.016348755108986	0.514285714285714	0.0216682815114948	0.0157756153405839	0.0178466939730837	0.0149481929269526	0.00100119440736317
2014	0.00698672093335029	0.434285714285714	0.00819166740068704	0.00803663423010876	0.0110005851375073	0.00612040881131876	0.000474249982435186
2014	0.0186364120738788	0.508571428571428	0.0156346340174403	0.0222095020034345	0.0307782328847279	0.0161501640655321	0.00166865734560528
2014	0.027300633531448	0.537142857142857	0.0336034528318506	0.016485403548941	0.0256875365710942	0.0255612922953885	0.00296845359376098
2014	0.0035835948698734	0.428571428571429	0.00233418479696996	0.00368631940469376	0.0050906963136337	0.00354475637150552	0.000158083327478395
2014	0.0134010979378431	0.617142857142857	0.0178807363692416	0.0171722953634803	0.02510239906378	0.012701847648394	0.00101875922152744
2014	0.0323709476159211	0.708571428571429	0.023914383863296	0.0210417859187178	0.0193680514921006	0.0431533512884143	0.0111360921801447
2014	0.00615140817231505	0.445714285714286	0.00854399718136175	0.00407555809959931	0.00146284376828555	0.00560292612934715	0.0011944073631701
2014	0.0016568755177736	0.548571428571429	0.00193781379371091	0.00407555809959931	0.00772381509654769	0.00233337645689016	0.000579638867420783
2014	0.00785984620620194	0.582857142857143	0.00458028714877125	0.00716657126502576	0.0117027501462844	0.00805156009267644	0.000316166654956791
2014	0.0175810992440935	0.474285714285714	0.0152823042367656	0.0228277046365197	0.0352837916910474	0.014247239112282	0
2014	0.0438900137156293	0.411428571428571	0.0351008543997181	0.0468460217515741	0.0624926857811586	0.0335093558516706	0.0033197498770463
2014	0.00662062706894596	0.565714285714286	0.00929269796529552	0.00961648540354894	0.0180807489760094	0.00683782798405212	0.000509379610763718
2014	0.0434431385759808	0.411428571428571	0.0376112040870255	0.0376187750429307	0.0700994733762434	0.0334670163595093	0.00509379610763718
2014	0.000232031322509788	0.411428571428571	0.0015854840130362	0.001740125930166	0.00175541252194266	0.00106789608006868	0
2014	0.0100684406463877	0.474285714285714	0.00709063683607857	0.00959358900973097	0.0180222352252779	0.00926764439530972	0.000439120354106654
2014	0.0131157853486829	0.44	0.0142253148947415	0.00828849456210647	0.0108835576360445	0.0192197772472274	0.000720157380734912
2014	0.0110807847127452	0.422857142857143	0.00695851316832555	0.00915855752718947	0.0163838502047981	0.00841379797005657	0.00077285182322771
2014	0.0301296969155303	0.531428571428571	0.0251034968730732	0.016554092730395	0.02510239906378	0.0320580521481412	0.00295088877959671
2014	0.025590476747024	0.565714285714286	0.0312252268122963	0.0197595878649113	0.0225863077823288	0.0254436825949404	0.0045141572402164
2014	0.0101131281603525	0.52	0.0104377697524883	0.01039496279336	0.0128145114101814	0.00948169405012525	0.00121197217733436
2014	0.00949609671753022	0.611428571428571	0.0126838721042896	0.00995993131081855	0.0168519602106495	0.0104672633398803	0.00140518513314129
2014	0.0149789109309097	0.485714285714286	0.0144455210076632	0.0178820835718374	0.0263897015798713	0.0150916767614993	0.000755287009063444
2014	0.00651578328618228	0.582857142857143	0.00986523385889192	0.00483113909559244	0.00444704505558806	0.00691545038634787	0.00101875922152744
2014	0.00907328408540128	0.377142857142857	0.00731084294900026	0.00911276473955352	0.0109420713867759	0.007646982723135	0.00196725918639781
2014	0.00481593900498094	0.44	0.00515282304236766	0.00187750429307384	0.00292568753657109	0.00484787185247039	0.00210777769971194
2014	0.00832562760175863	0.422857142857143	0.00643001849731349	0.00716657126502576	0.0130485664131071	0.00880190998153528	0.00182674067308368
2014	0.075877679961775	0.445714285714286	0.0662820399894301	0.0453806525472238	0.0511410181392627	0.0864313688593035	0.017090564181831
2014	0.00642468950771547	0.491428571428571	0.00827974984585572	0.00613623354321694	0.00719719133996489	0.00738118480012231	0.00163352771727675
2014	0.0124231288822278	0.497142857142857	0.0123755835461992	0.0141041785918718	0.0219426565242832	0.0103237795053336	0.000720157380734912
2014	0.00735797104936595	0.525714285714286	0.00665022461023518	0.0131425300515169	0.0252779403159743	0.0067531489997295	0.000702592566570646
2014	0.0208914127785665	0.537142857142857	0.0199947150532899	0.028734974241557	0.0488589818607373	0.0212026767967822	0.0012471018056629
2014	0.00352343860107456	0.485714285714286	0.00436008103584956	0.00451058958214081	0.00708016383850205	0.00368588801204323	0.000210777769971194
2014	0.0153656298017593	0.502857142857143	0.0142253148947415	0.0102346880366342	0.0178466939730837	0.0145577287214649	0.00247663879716153
2014	0.0171153178485368	0.531428571428571	0.013124284330133	0.0135775615340584	0.0237565827969573	0.0149035012407823	0.000526944424927984
2014	0.0677445524201726	0.48	0.0593235268211046	0.0459530623926732	0.0476301930953774	0.0674021193268021	0.0119967680741938
2014	0.033623916757474	0.474285714285714	0.0309169382542059	0.0258500286204923	0.0299005266237566	0.0328601503051972	0.0023361202838474
2014	0.0655823642444888	0.462857142857143	0.0517043953140139	0.0533714939896966	0.0631363370392042	0.0551189622120032	0.0226059158294105
2014	0.0368362615113317	0.462857142857143	0.0240024663084647	0.0216370921579851	0.0267407840842598	0.0669269761369918	0.0078339071172627
2014	0.0298014155629424	0.468571428571429	0.0228133532986876	0.014768174012593	0.016091281451141	0.0263633904524445	0.00309140729291084
2014	0.04680329587603	0.382857142857143	0.0239584250858804	0.0270864338866629	0.0300760678759508	0.0329730556176273	0.00365348134616736
2014	0.027175164742239	0.554285714285714	0.0269532282216154	0.032192329708071	0.038560561732007	0.0239994354734378	0.0011944073631701
2014	0.230584134557542	0.565714285714286	0.23020347044834	0.187063537492845	0.233060269163253	0.24961953261905	0.0439998594814867
2014	0.0174384429495134	0.508571428571428	0.0149299744560909	0.0128677733257012	0.0156816851960211	0.015235160596046	0.00244150916883299
2014	0.024727663977395	0.502857142857143	0.0218444464018321	0.0260331997710361	0.0239321240491515	0.0229080174532795	0.00307384247874657
2014	0.0931442478575775	0.434285714285714	0.0726680172641593	0.0700858614768174	0.0904037448800468	0.0799040304844344	0.0144031476146982
2014	0.126175195679749	0.565714285714286	0.0997533691535277	0.096531196336577	0.101404330017554	0.116788784738965	0.0173364715801307
2014	0.0262556332048854	0.491428571428571	0.0243547960891394	0.0204922724670864	0.0285547103569339	0.0254272172368777	0.00458441649687346
2014	0.0711700222406319	0.434285714285714	0.0606888047212191	0.056485403548941	0.0695728496196606	0.0541192797581945	0.00577882386004356
2014	0.023692976154055	0.462857142857143	0.0204791685017176	0.0159129937034917	0.0215330602691633	0.0186105589989062	0.00360078690367456
2014	0.0289592277997587	0.417142857142857	0.0205672509468863	0.0164625071551231	0.0205383265067291	0.0228939042892258	0.00328462024871777
2014	0.917718255536955	0.365714285714286	0.642781643618427	0.547155123068117	0.606436512580456	0.762936479000788	0.347150987142556
2014	0.0346379795743686	0.457142857142857	0.0290231656830794	0.0179965655409273	0.0275599765944997	0.0291178096369389	0.00298601840792524
2014	0.0250181328181665	0.457142857142857	0.0205232097243019	0.0161877504293074	0.0190169689877121	0.0231573500182295	0.00319679617789644
2014	0.110434878260899	0.611428571428571	0.0979917202501541	0.0600801373783629	0.0386190754827384	0.126061133522293	0.0267687767863416
2014	0.0536628292696341	0.377142857142857	0.0376112040870255	0.0311848883800801	0.0365125804564073	0.0414597716019617	0.0065868053115998
2014	0.0924773726491789	0.56	0.0794503655421474	0.0705666857469948	0.0757167934464599	0.0940407164782951	0.0126291013841074
2014	0.0184868807771502	0.445714285714286	0.0149740156786752	0.0173096737263881	0.0226448215330603	0.0159808060968869	0.00126466661982716
2014	0.814527910789972	0.451428571428572		0.509513451631368	0.572615564657695	0.784353205452386	0.182691632122532
2014	0.0267386021058132	0.514285714285714	0.0277459702281335	0.0162335432169433	0.0235225277940316	0.0260740705893422	0.00295088877959671
2014	0.018435318261037	0.525714285714286	0.0144014797850788	0.0186147681740126	0.0254534815681685	0.0176132287391064	0.0011944073631701
2014	0.0583979869993709	0.565714285714286	0.0466836959393993	0.0250257584430452	0.0168519602106495	0.0550225222576358	0.00795686081641256
2014	0.107891127465977	0.428571428571429	0.0924865674271118	0.063491700057241	0.0757167934464599	0.118070730473849	0.0409084521885758
2014	0.0254168829427759	0.48	0.0164273760239584	0.0198969662278191	0.0278525453481568	0.0207863384571959	0.00309140729291084
2014	0.564241738825543	0.405714285714286	0.478331718488505	0.324144247281053	0.440374488004681	0.505437096451715	0.0862256727323825
2014	0.0515951723734914	0.4	0.0456267065973751	0.017424155695478	0.0230544177881802	0.0458277958766039	0.00449659242605213
2014	0.0183253182266619	0.514285714285714	0.0299480313573505	0.0128677733257012	0.0169689877121123	0.0225857668740518	0.00328462024871777
2014	0.00955109673471773	0.434285714285714	0.0107460583105787	0.00677733257012021	0.0131655939145699	0.00731297117386242	0.00077285182322771
2014	0.0177014117816912	0.462857142857143	0.02131595173082	0.0108299942759015	0.0142773551784669	0.0168158349700683	0.00231855546968313
2014	0.0276048523765164	0.491428571428571	0.0266449396635251	0.0228277046365197	0.0342890579286132	0.0243522645747821	0.00263472212463992
2014	0.0183046932202166	0.462857142857143	0.0137408614463137	0.0159587864911276	0.0245172615564658	0.0168017218060146	0.00201995362889061
2014	0.020178131305666	0.971428571428571	0.0278780938958865	0.014745277618775	0.0172615564657695	0.0220306490879368	0.00412773132860254
2014	0.0373501679219275	0.52	0.0269091869990311	0.0293531768746422	0.0317144528964307	0.0348571630188058	0.00419799058525961
2014	0.0213606316751974	0.451428571428572	0.0247511670923985	0.0202862049227247	0.0275014628437683	0.0179331271243252	0.00156326846061969
2014	0.0470937647168015	0.382857142857143	0.0305646084735312	0.0322610188895249	0.0531889994148625	0.0374398720406459	0.00602473125834329
2014	0.0375821992444373	0.491428571428571	0.0351008543997181	0.0224613623354322	0.017612638970158	0.0364519505568819	0.0034778332045247
2014	0.160381768869303	0.417142857142857	0.104465779970052	0.0762220950200343	0.0607957870099473	0.128121655474144	0.0210777769971194
2014	0.0392665747708046	0.525714285714286	0.028714877124989	0.043480251860332	0.0519016968987712	0.034106813129947	0.00268741656713272
2014	0.108917221536632	0.502857142857143	0.08861093983969	0.0751001717229536	0.0888238736102984	0.105006644948075	0.0161947586594534
2014	0.0304132907541534	0.434285714285714	0.0282304236765613	0.0188895248998283	0.0245757753071972	0.024542792289508	0.00254689805381859
2014	0.199990374996992	0.468571428571429	0.13925834581168	0.147956496851746	0.162200117027501	0.187258165053454	0.111009625518162
2014	0.304811814003692	0.411428571428571	0.245045362459262	0.183148254149971	0.218139262726741	0.281145988921166	0.0336541839387339
2014	0.0238906324658226	0.52	0.0214040341759887	0.0170349170005724	0.0206553540081919	0.0241476236960024	0.00391695355863135
2014	0.166457552017985	0.377142857142857	0.105302563199154	0.0966685746994848	0.119543592744295	0.135531066602373	0.050621794421415
2014	0.0409234502885782	0.422857142857143	0.0379635338677002	0.0348483113909559	0.0551199531889994	0.034224422830395	0.00497084240848732
2014	0.112017847505577	0.537142857142857	0.0866290848233947	0.0612249570692616	0.0508484493856056	0.105926352805579	0.0162123234736176
2014	0.0149703171782241	0.445714285714286	0.0114947590945125	0.0114481969089868	0.0139847864248098	0.0116363037623343	0.00105388884985597
2014	0.0260339143855982	0.485714285714286	0.0277459702281335	0.0106697195191757	0.0154476301930954	0.022877438931163	0.00265228693880419
2014	0.0694254904454658	0.457142857142857	0.0368184620805074	0.0318717801946194	0.0405500292568754	0.0595363825608336	0.0105037588702312
2014	0.00907500283593839	0.4	0.00669426583281952	0.00412135088723526	0.00503218256290228	0.00662142613522763	0.000351296283285323
2014	0.381385587932996	0.365714285714286	0.298863736457324	0.244693760732685	0.326214160327677	0.344429416538276	0.0896508114944144
2014	0.00907500283593839	0.434285714285714	0.00827974984585572	0.006090440755581	0.00795787009947338	0.007646982723135	0.00122953699149863
2014	0.0203912563722676	0.605714285714286	0.0192460142693561	0.0267887807670292	0.0356348741954359	0.0202194597010361	0.00159839808894822
2014	0.057378767930865	0.445714285714286	0.039637100325905	0.03480251860332	0.0367466354593329	0.0505768755806979	0.00403990725778121
2014	0.00711562722363351	0.434285714285714	0.00620981238439179	0.00888380080137378	0.00690462258630778	0.00523833605795806	0.00129979624815569
2014	0.0285140714106473	0.371428571428571	0.0154144279045186	0.0102346880366342	0.0162668227033353	0.020539358086255	0.00245907398299726
2014	0.0120690662715832	0.445714285714286	0.0123315423236149	0.00922724670864339	0.0128145114101814	0.0108718407094217	0.00128223143399143
2014	0.0221048506577658	0.537142857142857	0.0214921166211574	0.0166914710933028	0.0163838502047981	0.0206334458466134	0.00173891660226235
2014	0.032070166271927	0.565714285714286	0.0316656390381397	0.033955352032055	0.0451141018139263	0.0322838627730015	0.00662193493992834
2014	0.0174762554613298	0.502857142857143	0.0136527790011451	0.0230108757870635	0.0235225277940316	0.0153198395803686	0.00145787957563409
2014	0.103582219869444	0.491428571428571	0.0697172553510085	0.0601946193474528	0.0766530134581627	0.113658014513037	0.0152286938804187
2014	0.0264257895080592	0.508571428571428	0.0155465515722716	0.0195077275329136	0.0197191339964892	0.0237924424006492	0.00298601840792524
2014	0.0210203190688497	0.531428571428571	0.0192460142693561	0.00977676016027476	0.0138092451726156	0.0208851306055723	0.00131736106231996
2014	0.0815289317277912	0.411428571428571	0.0643882674183035	0.0514253005151689	0.0686951433586893	0.0670328248673951	0.00906344410876133
2014	0.0471504834845261	0.485714285714286	0.0343081123932	0.0431139095592444	0.0566998244587478	0.0430569113340468	0.00628820347080728
2014	0.0396257936330605	0.457142857142857	0.0293314542411697	0.0293760732684602	0.0413107080163838	0.035400519834876	0.00312653692123937
2014	0.0494690779590869	0.491428571428571	0.0413987492292786	0.0602175157412708	0.105734347571679	0.0458701353687652	0.00379399985948149
2014	0.0356864174020054	0.451428571428572	0.0244869197568925	0.0173325701202061	0.0255705090696314	0.0350100556293883	0.0033724443195391
2014	0.0306625095820342	0.531428571428571	0.0294635779089228	0.0189582140812822	0.0260386190754827	0.0299575428981382	0.00295088877959671
2014	0.25605945501858	0.434285714285714	0.199242490971549	0.154046937607327	0.171971913399649	0.22680325073212	0.0301236562917164
2014	0.37801168062865	0.417142857142857	0.278032238174932	0.211425300515169	0.234347571679345	0.327390123137356	0.0611958125483032
2014	0.147449889828091	0.382857142857143	0.0872897031621598	0.0927761877504293	0.105558806319485	0.107415291613252	0.0140342865172486
2014	0.0611703316157286	0.474285714285714	0.0455826653747908	0.0352604464796794	0.0329432416617905	0.0507133028332177	0.00769338860394857
2014	0.0301039156574736	0.6	0.0286267946798203	0.0192329708070979	0.0212404915155061	0.0325849436061486	0.00479519426684466
2014	0.0182393806998065	0.457142857142857	0.0140931912269885	0.0117000572409845	0.0139262726740784	0.0163712703023745	0.00129979624815569
2014	0.00749547109233472	0.508571428571428	0.0124636659913679	0.00936462507155123	0.0136922176711527	0.00765403930516189	0.000140518513314129
2014	0.13157379111681	0.605714285714286	0.116841363516251	0.080892959358901	0.0885898186073727	0.140807037764475	0.0231152954401742
2014	0.0415026692195841	0.411428571428571	0.0293754954637541	0.02960503720664	0.0269748390871855	0.032194479400661	0.00551535164757957
2014	0.0718729912103098	0.531428571428571	0.0654452567603277	0.0482655981682885	0.0533645406670568	0.0679219542027826	0.00732452750649898
2014	0.0244492263903832	0.422857142857143	0.0240905487536334	0.0187750429307384	0.0211234640140433	0.0213555694073647	0.00281037026628258
2014	0.083849244952889	0.44	0.0724478111512376	0.0389925586720092	0.0410766530134582	0.0986345513777976	0.0134370828356636
2014	0.0146970358428237	0.4	0.0119351713203559	0.0103033772180882	0.0131655939145699	0.0125371940677667	0.000579638867420783
2014	0.0639031449697328	0.508571428571428	0.0443495111424293	0.0503491700057241	0.0528964306612054	0.0571724275818269	0.016897351226024
2014	0.905212626628946	0.331428571428571	0.612437241257817	0.385254722381225	0.40906963136337	0.692140143719054	0.142591161385513
2014	0.0478500149531297	0.388571428571429	0.0251915793182419	0.0244304522037779	0.0234640140433002	0.0314064944076587	0.00224829621302607
2014	0.11955628736134	0.394285714285714	0.0720073989253942	0.0715970234688037	0.0738443534230544	0.0861585143542639	0.0152813883229115
2014	0.0332904791532747	0.422857142857143	0.0212278692856514	0.0189353176874642	0.0256875365710942	0.0229315393933692	0.00291575915126818
2014	0.263108050971266	0.525714285714286	0.229410728441822	0.184796794504865	0.181392627267408	0.249633645783104	0.271991147333661
2014	0.08623315194786	0.422857142857143	0.0566370122434599	0.0575386376645678	0.0720889409011118	0.0633822197654863	0.00683271270989953
2014	0.0404972001553751	0.491428571428571	0.0333832467189289	0.0290326273611906	0.0342890579286132	0.0303903465957872	0.00548022201925104
2014	0.397345905420595	0.56	0.286179864353034	0.268322839152833	0.171269748390872	0.357872205299493	0.119581254830324
2014	0.12609097690343	0.422857142857143	0.0765876860741654	0.0466170578133944	0.0568753657109421	0.108577275453679	0.0138235087472775
2014	0.098283311963535	0.348571428571429	0.0609090108341408	0.0459988551803091	0.0551784669397308	0.0746539334564315	0.0106618421977095
2014	0.00247156327236352	0.291428571428571	0.00167356645820488	0.00219805380652547	0.00421299005266238	0.00195937760946523	0.000175648141642661
2014	0.0429481384212933	0.457142857142857	0.0232097243019466	0.0334974241556955	0.0328847279110591	0.0316017265104026	0.00950256446286798
2014	0.0971214366004489	0.434285714285714	0.0646965559763939	0.0296279336004579	0.0273844353423054	0.142232467333906	0.0264174805030563
2014	0.317161036612824	0.554285714285714	0.268078921870871	0.172913566113337	0.126097132826214	0.318889293988968	0.0985913019040259
2014	0.0259015705942408	0.4	0.0192900554919405	0.0114024041213509	0.0113516676418958	0.0242017241582086	0.00244150916883299
2014	0.0534307979471244	0.411428571428571	0.0342640711706157	0.0298568975386377	0.0437682855471036	0.0370164771190328	0.00950256446286798
2014	0.0243564138613793	0.457142857142857	0.0176164890337356	0.0142415569547796	0.0189584552369807	0.0255048396391734	0.00372374060282442
2014	0.0440636075198773	0.405714285714286	0.0310050206993746	0.0221637092157985	0.0212404915155061	0.0440565937878556	0.00735965713482751
2014	0.0583292369778866	0.428571428571429	0.0499427464106404	0.0257355466514024	0.0274429490930369	0.0468016041963141	0.00620037939998595
2014	0.163382707307096	0.388571428571429	0.112040870254558	0.0729479107040641	0.0721474546518432	0.138565396873934	0.0507096184922364
2014	0.186056464392645	0.417142857142857	0.154628732493614	0.124899828277046	0.130193095377414	0.150366354216896	0.103456755427528
2014	0.350272765710239	0.542857142857143	0.321544966088259	0.294287349742416	0.288823873610298	0.363373987086455	0.0925665706456826
2014	0.0216545380170431	0.371428571428571	0.0109222232009161	0.0107384087006297	0.0110590988882387	0.0147317910781281	0.00166865734560528
2014	0.18721318350412	0.434285714285714	0.133136615872457	0.117527189467659	0.107723815096548	0.169308572571066	0.0490058315183025
2014	0.0914564348301359	0.422857142857143	0.0600722276050383	0.0630566685746995	0.0651258045640726	0.0624272289978477	0.0134546476498279
2014	0.0022326569477053	0.205714285714286	0.000572535893596406	0.00187750429307384	0.00356933879461673	0.00214755313018218	0.00135249069064849
2014	0.0988659683956151	0.502857142857143	0.0766317272967498	0.0514253005151689	0.0474546518431831	0.0775447798934456	0.0320206562214572
2014	0.00894609654565517	0.445714285714286	0.00753104906192196	0.00615912993703492	0.00807489760093622	0.00732002775588931	0.000966064779034638
2014	0.0233870385584495	0.382857142857143	0.0199947150532899	0.018294218660561	0.0203042715038034	0.0187187599233185	0.00296845359376098
2014	0.0282820400881375	0.394285714285714	0.0258081564344226	0.0175844304522038	0.0225277940315974	0.0220282968939278	0.00411016651443828
2014	0.0577878305586971	0.417142857142857	0.0450101294811944	0.0253692043503148	0.0287302516091281	0.0574123513707411	0.00597203681585049
2014	0.0306057908143096	0.4	0.023914383863296	0.0148368631940469	0.0152720889409011	0.0216566502405118	0.00266985175296845
2014	0.0147004733438979	0.537142857142857	0.0137849026688981	0.01039496279336	0.0186658864833236	0.0117939007609348	0.00277524063795405
2014	0.145335826667446	0.417142857142857	0.0790099533163041	0.075649685174585	0.0608543007606788	0.121090947581357	0.0524836647228272
2014	0.33296838530262	0.548571428571429	0.334008632079627	0.211677160847167	0.186307782328847	0.299474284638997	0.256639499754093
2014	0.061600019250006	0.405714285714286	0.0332070818285916	0.0421293646250716	0.0435927442949093	0.0454467404471521	0.00391695355863135
2014	0.0876854961517175	0.497142857142857	0.0756628203998943	0.0522953634802519	0.0551199531889994	0.0721065073447258	0.0986791259748472
2014	0.228435696386155	0.514285714285714	0.194662203822778	0.171539782484259	0.146401404330018	0.203763510414339	0.291733998454296
2014	0.220960850300266	0.4	0.159957720426319	0.14236977676016	0.140198946752487	0.168864007903372	0.0541347572542683
2014	0.0777425242945388	0.422857142857143	0.0633753192988637	0.0401602747567258	0.0441193680514921	0.0629729380079269	0.0116630366050727
2014	0.0284693838966825	0.36	0.0259402801021756	0.019141385231826	0.0254534815681685	0.0233549343149823	0.00497084240848732
2014	0.077948774358992	0.382857142857143	0.0515722716462609	0.044304522037779	0.0494441193680515	0.0625754172204123	0.0127169254549287
2014	0.0310165721926788	0.44	0.0228133532986876	0.020835718374356	0.0253949678174371	0.021459065943759	0.00237124991217593
2014	0.0977711243034763	0.68	0.084074693913503	0.106949055523755	0.118724400234055	0.106269773130888	0.0510433499613574
2014	0.527960633737698	0.502857142857143	0.377829648551044	0.292066399542072	0.204037448800468	0.48258788384866	0.14517318906766
2014	0.0113506285470714	0.417142857142857	0.00854399718136175	0.00480824270177447	0.00286717378583967	0.0089548025921178	0.006797583081571
2014	0.192524122663788	0.502857142857143	0.133797234211222	0.146285060103034	0.126623756582797	0.177628282780764	0.147087753811565
2014	0.0659897081217838	0.348571428571429	0.0444816348101823	0.0346193474527762	0.0361614979520187	0.0423159702212238	0.0165460549427387
2014	0.0297361030425322	0.468571428571429	0.0235620540826213	0.0196908986834574	0.0266822703335284	0.0226563326943206	0.0056558701608937
2014	0.996052030016259	0.514285714285714	1	1	0.979695728496197	0.979451233137709	0.964273167989883
2014	0.0350745422107944	0.56	0.0277900114507179	0.0296966227819119	0.0178466939730837	0.031759323509003	0.0143153235438769
2014	0.0104362532613291	0.474285714285714	0.00999735752664494	0.00778477389811105	0.00959625511995319	0.00846084185023581	0.00147544438979836
2014	0.100282218838193	0.394285714285714	0.0683079362283097	0.0597595878649113	0.0629022820362785	0.0693121008620791	0.0169851752968454
2014	0.0234403198250999	0.531428571428571	0.0216682815114948	0.0157069261591299	0.017612638970158	0.0228891999012079	0.00490058315183025
2014	0.0497956405611377	0.428571428571429	0.0332070818285916	0.0241099026903263	0.0249853715623171	0.0338951156691404	0.00730696269233471
2014	0.00292187591308622	0.417142857142857	0.00206993746146393	0.00414424728105323	0.00433001755412522	0.00228398038270197	0.000491814796599452
2014	0.0283404776063993	0.44	0.0169999119175548	0.0166914710933028	0.019133996489175	0.0201159631646418	0.00386425911613855
2014	0.0275446961077175	0.428571428571429	0.0247071258698141	0.0172409845449342	0.0186073727325922	0.0228515647970645	0.00367104616033162
2014	0.0245471951709985	0.388571428571429	0.0212278692856514	0.00856325128792215	0.0056173200702165	0.0275630093970151	0.0105037588702312
2014	0.0371868866209021	0.388571428571429	0.0217123227340791	0.0225529479107041	0.0265067290813341	0.026269302692086	0.00374130541698869
2014	0.0279348524796414	0.4	0.0170879943627235	0.0141270749856898	0.0131655939145699	0.0191045197407882	0.00323192580622497
2014	0.142429419509194	0.428571428571429	0.0964502774597023	0.0701316542644533	0.073785839672323	0.111740976395733	0.0220965362186468
2014	0.031944697482718	0.462857142857143	0.0166035409142958	0.0258500286204923	0.0227033352837917	0.0234560786573677	0.00815007377221949
2014	0.259038049699391	0.377142857142857	0.127102968378402	0.113062392673154	0.130134581626682	0.18271137403413	0.0244502213166585
2014	0.0173920366850115	0.48	0.0116709239848498	0.0125930165998855	0.0132826214160328	0.0142801698284074	0.00187943511557648
2014	0.287894152466923	0.497142857142857	0.209636219501453	0.197458500286205	0.181451141018139	0.244689333976266	0.154640623902199
2014	0.0232254760079613	0.325714285714286	0.0112305117590064	0.0169204350314825	0.0197776477472206	0.0145953638256083	0.00379399985948149
2014	0.0649017390317934	0.44	0.0531577556592971	0.033085289066972	0.0335283791691047	0.0727415997271455	0.0282090915478114
2014	0.111959409987316	0.297142857142857	0.121729939223113	0.0413508872352604	0.032592159157402	0.0701565385112964	0.0569626923347151
2014	0.0102059406893565	0.388571428571429	0.0113185942041751	0.00908986834573555	0.013458162668227	0.00747056817246286	0.00159839808894822
2014	0.00684922089038153	0.554285714285714	0.0102175636395666	0.00835718374356039	0.00983031012287888	0.00585225869429711	0.000807981451556243
2014	0.0202829750884297	0.451428571428572	0.0152823042367656	0.0137378362907842	0.0147454651843183	0.0174650405165418	0.00254689805381859
2014	0.00891687778652431	0.485714285714286	0.00797146128776535	0.00963938179736691	0.0126974839087185	0.00789866748209392	0.00189699992974074
2014	0.164120051287516	0.331428571428571	0.153527701929006	0.0438923869490555	0.0311293153891164	0.108796029496513	0.0948324316728729
2014	0.0470043896888718	0.462857142857143	0.0361138025191579	0.0422667429879794	0.0444704505558806	0.034967716137227	0.00864188856881894
2014	0.00249046952827173	0.205714285714286	0.00325905047124108	0.00068689181453921	0.00152135751901697	0.00167946652239877	0.000175648141642661
2014	0.0504384532620166	0.462857142857143	0.0424557385713027	0.040022896393818	0.0355178466939731	0.0417726134051537	0.0108023607110237
2014	0	0	0	0	0	0	0
2014	0.00311953222485382	0.32	0.00405179247775918	0.000984544934172868	0.00111176126389702	0.00280146306467357	0.000175648141642661
2014	0.0207814127441915	0.497142857142857	0.0108781819783317	0.0154550658271322	0.0194850789935635	0.0177966998718054	0.00333731469121057
2014	0.0120106287533215	0.302857142857143	0.00616577116180745	0.00886090440755581	0.0102984201287303	0.00916179566490644	0.00110658329234877
2014	0.00874672148335046	0.485714285714286	0.0059896062714701	0.0186147681740126	0.0275014628437683	0.00870311783315888	0.00117684254900583
2014	0.0148328171352554	0.417142857142857	0.0132123667753017	0.0126159129937035	0.0131655939145699	0.0106624954426241	0.000948499964870372
2014	0.00863844019951256	0.457142857142857	0.00559323526821105	0.00663995420721236	0.00643651258045641	0.00811271713690945	0.00166865734560528
2014	0.00337734480542025	0.337142857142857	0.0108781819783317	0.00290784201488266	0.00579286132241077	0.00429040187234643	0.000526944424927984
2014	0.0360112612535191	0.468571428571429	0.0188056020435127	0.0286204922724671	0.0322410766530135	0.0308043327413645	0.00732452750649898
2014	0.0171050053453142	0.497142857142857	0.0139610675592354	0.0210188895248998	0.0289057928613224	0.0144189492749362	0.00584908311670063
2014	0.0201643813013692	0.394285714285714	0.0130362018849643	0.0107384087006297	0.0114101813926273	0.0141366859938608	0.00240637954050446
2014	0.00353375110429722	0.485714285714286	0.00268651457764468	0.00322839152833429	0.00275014628437683	0.00304609124160561	0.000825546265720509
2014	0.00672890835278386	0.525714285714286	0.00374350391966881	0.00487693188322839	0.00672908133411352	0.00643560280851965	0.000386425911613855
2014	0.0289231340384794	0.394285714285714	0.0197304677177838	0.0101431024613623	0.0125219426565243	0.0405094852223411	0.016300147544439
2014	0.136833167760365	0.617142857142857	0.143398220734608	0.160686891814539	0.150965476887068	0.15103672950945	0.0682744326565025
2014	0.196331155103486	0.628571428571428	0.167004316039813	0.159839725243274	0.165184318314804	0.216298352288097	0.0904939225742992
2014	0.00832390885122152	0.468571428571429	0.00620981238439179	0.0117687464224385	0.00766530134581627	0.0076164042010185	0.00288062952293965
2014	0.0107404721063975	0.451428571428572	0.00590152382630142	0.0106468231253578	0.0122293739028672	0.00947463746809837	0.00869458301131174
2014	0.00290812590878935	0.377142857142857	0.00255439090989166	0.0039152833428735	0.00585137507314219	0.00290966398908582	0.000245907398299726
2014	0.00236328198852562	0.417142857142857	0.00202589623887959	0.00311390955924442	0.000175541252194266	0.00291907276512167	0.000667462938242113
2014	0.0269156334111354	0.645714285714286	0.0229454769664406	0.032215226101889	0.0238150965476887	0.0276547449633646	0.0142274994730556
2014	0.00560656425205133	0.44	0.00594556504888576	0.00661705781339439	0.00947922761849035	0.00540534183259435	0.0012471018056629
2014	0.0304975095304717	0.308571428571429	0.0191138906016031	0.0282312535775615	0.0409596255119953	0.0245804273936514	0.00688540715239233
2014	0.00932250291328216	0.451428571428572	0.00863207962653043	0.00856325128792215	0.0163253364540667	0.00721417902548602	0
2014	0.0157781299306656	0.6	0.01299216066238	0.0174699484831139	0.0141603276770041	0.0146000682136263	0.00579638867420783
2014	0.00282562588300809	0.325714285714286	0.00277459702281335	0.00380080137378363	0.00608543007606788	0.00315664436002681	0.000263472212463992
2014	0.00603625188632871	0.502857142857143	0.0018056901259579	0.00636519748139668	0.0061439438267993	0.00539828525056747	0.0020726480713834
2014	0.672062397519499	0.657142857142857	0.681317713379723	0.512192329708071	0.292568753657109	0.717174544556435	0.490550129979625
2014	0.0132412541378919	0.588571428571429	0.0123755835461992	0.00906697195191757	0.00655354008191925	0.0149552495089795	0.00858919412632614
2014	0.00720156475048898	0.542857142857143	0.00378754514225315	0.00327418431597023	0.00257460503218256	0.00909593423265551	0.00572612941755076
2014	0.0384759495237342	0.674285714285714	0.0290231656830794	0.0481511161991986	0.0332358104154476	0.0416832300328131	0.0173189067659664
2014	0.00912656535205167	0.485714285714286	0.00440412225843389	0.00558672009158557	0.00234055002925688	0.00670610511955026	0.00158083327478395
2014	0.0154876610898941	0.48	0.0149299744560909	0.013050944476245	0.00965476887068461	0.0141037552777353	0.00769338860394857
2014	0.0386237620699256	0.388571428571429	0.0379635338677002	0.0305895821408128	0.0332358104154476	0.0287014712973526	0.00507623129347291
2014	0.00481937650605516	0.382857142857143	0.00528494671012067	0.0025186033199771	0.00339379754242247	0.00577934068001929	0.00144031476146982
2014	0.0488262652582079	0.588571428571429	0.0494142517396283	0.0389696622781912	0.0417788180222352	0.0468792265986099	0.0167568327127099
2014	0.0155942236231949	0.434285714285714	0.0181009424821633	0.00918145392100744	0.00421299005266238	0.0200924412245522	0.017687767863416
2014	0.00376750117734412	0.32	0.00202589623887959	0.00114481969089868	0.00228203627852545	0.00344596422312912	0.000509379610763718
2014	0.0111323472288585	0.371428571428571	0.0140051087818198	0.0129364625071551	0.0192510239906378	0.00798334646641655	0.00184430548724794
2014	0.0228559446424827	0.525714285714286	0.0201708799436272	0.0249112764739554	0.0147454651843183	0.0208592564714738	0.0179336752617157
2014	0.0127806289939466	0.428571428571429	0.00960098652338589	0.00950200343445907	0.0150380339379754	0.0105778164583015	0.00251176842549006
2014	0.0101578156743174	0.325714285714286	0.00643001849731349	0.00586147681740126	0.00953774136922177	0.00627094922789232	0.00110658329234877
2014	0.010637347074171	0.565714285714286	0.00436008103584956	0.0133485975958786	0.00772381509654769	0.00977336610723653	0.00426824984191667
2014	0.00450484515776411	0.422857142857143	0.00233418479696996	0.00487693188322839	0.00514921006436513	0.00486668940454209	0.0022307313988618
2014	0.0235400073562523	0.417142857142857	0.0165154584691271	0.0189353176874642	0.0192510239906378	0.0183282957178308	0.00319679617789644
2014	0.0892444028888759	0.474285714285714	0.0699374614639302	0.0766113337149399	0.088765359859567	0.0905571171510226	0.0560668868123375
2014	0.0623304882282776	0.56	0.0439971813617546	0.0362907842014883	0.034815681685196	0.063892645865431	0.0161420642169606
2014	0.0259617268630396	0.6	0.0228573945212719	0.0133714939896966	0.010122878876536	0.0566361273477836	0.0324422117613996
2014	0.211483659838644	0.48	0.195454945829296	0.148574699484831	0.11275599765945	0.19193432674327	0.0537483313426544
2014	0.0372900116531286	0.371428571428571	0.0296397427992601	0.0261476817401259	0.0290813341135167	0.0263610382584356	0.00205508325721914
2014	0.000500156406298877	0.251428571428572	0.00149740156786752	0.00137378362907842	0.00163838502047981	0.0007338845307961	0.000140518513314129
2014	0.0137465667958021	0.485714285714286	0.0142693561173258	0.0129135661133372	0.0130485664131071	0.011349336093241	0.00855406449799761
2014	0.0219020380943869	0.531428571428571	0.0119351713203559	0.0176760160274757	0.0188999414862493	0.0199348442259518	0.00706105529403499
2014	0.0462154831923385	0.462857142857143	0.0337355764996036	0.0327876359473383	0.0290228203627853	0.0398743928399214	0.0263472212463992
2014	0.00353375110429722	0.468571428571429	0.00506474059719898	0.00226674298797939	0.00175541252194266	0.00295200348124713	0.00131736106231996
2014	0.0129576602992688	0.708571428571429	0.0209636219501453	0.0149284487693188	0.0155646576945582	0.0151128465075799	0.00904587929459706
2014	0.00923140913481535	0.525714285714286	0.0101735224169823	0.0118374356038924	0.0184903452311293	0.00923706587319322	0.00247663879716153
2014	0.00774640867075271	0.24	0.00484453448427728	0.00629650829994276	0.00368636629607958	0.00412104390370118	0.000895805522377573
2014	0.0151610984878433	0.468571428571429	0.0145336034528319	0.0180423583285633	0.0277940315974254	0.0121796605784045	0.00147544438979836
2014	0.00163453176079118	0.234285714285714	0.00110103056460847	0.000503720663995421	0	0.0106178037564538	0.0012471018056629
2014	0.187809589940497	0.794285714285714	0.259314718576588	0.150520892959359	0.085020479812756	0.242998106483823	0.136654254197991
2014	0.0206851627141133	0.537142857142857	0.0121113362106932	0.023445907269605	0.0263311878291398	0.0160678372752185	0.00454928686854493
2014	0.00663093957216862	0.428571428571429	0.00660618338765084	0.00847166571265026	0.00848449385605617	0.00635798040622391	0.0010363240356917
2014	0.0475200148500046	0.4	0.0576059191403153	0.0253005151688609	0.0259215915740199	0.0683571100944406	0.0132614346940209
2014	0.0074198460687019	0.497142857142857	0.00458028714877125	0.00400686891814539	0.00403744880046811	0.00675785338774742	0.000509379610763718
2014	0.0197621936756855	0.92	0.0281863824539769	0.0218889524899828	0.0215915740198947	0.0269914262528373	0.013068221738214
2014	0.0089340652918954	0.314285714285714	0.00977715141372324	0.0112192329708071	0.0152720889409011	0.00783751043786091	0.000193212955806928
2014	0.00518375161992238	0.365714285714286	0.00409583370034352	0.000870062965082999	0.00169689877121123	0.00375645383231209	0.00173891660226235
2014	0.0207642252388204	0.388571428571429	0.0124636659913679	0.0192787635947338	0.0265067290813341	0.0145365589753843	0.00437363872690227
2014	0.00628375196367249	0.388571428571429	0.00229014357438563	0.00593016599885518	0.00462258630778233	0.00457736954143978	0.000790416637391976
2014	0.0584839245262264	0.457142857142857	0.0408702545582665	0.0233543216943331	0.0207723815096548	0.0979688804732614	0.0181268882175227
2014	0.00963359676049899	0.36	0.005196864264952	0.00934172867773326	0.00602691632533645	0.00682371481999835	0.00158083327478395
2014	0.0108796908999034	0.537142857142857	0.00629789482956047	0.00677733257012021	0.00473961380924517	0.0116057252402178	0.00403990725778121
2014	0.117237692886779	0.474285714285714	0.114066766493438	0.0918832283915283	0.104564072557051	0.121504933726934	0.101067940701187
2014	0.147161139737856	0.502857142857143	0.185105258521977	0.1410188895249	0.155822118197776	0.161558093311536	0.0803063303590248
2014	0.00766734614604567	0.342857142857143	0.00620981238439179	0.00833428734974241	0.00491515506143944	0.00482199771837181	0.00189699992974074
2014	0.00840984637807699	0.28	0.00687043072315687	0.00847166571265026	0.00930368636629608	0.00457031295941289	0.00214290732804047
2014	0.00151078172211929	0.405714285714286	0.00136527790011451	0.00499141385231826	0.00772381509654769	0.0023004457407647	0
2014	0.00836000261250082	0.508571428571428	0.00651810094248216	0.011287922152261	0.0114101813926273	0.00779281875169064	0.00247663879716153
2014	0.0200354750110859	0.588571428571429	0.00876420329428345	0.0161877504293074	0.013867758923347	0.0177308384395545	0.0113644347642802
2014	0.0150390671997085	0.462857142857143	0.0144895622302475	0.0109215798511734	0.0128730251609128	0.0113117009890976	0.00221316658469753
2014	0.0118628162071301	0.388571428571429	0.00436008103584956	0.00867773325701202	0.0122878876535986	0.00891011090594752	0.000474249982435186
2014	0.0201764125551289	0.48	0.0162071699110367	0.024315970234688	0.0261556465769456	0.0148588095546121	0.00923909225040399
2014	0.0434036073136273	0.4	0.02365013652779	0.0346193474527762	0.0482738443534231	0.0339045244451762	0.00460198131103773
2014	0.00661890831840885	0.525714285714286	0.00352329780674712	0.00517458500286205	0.00093622001170275	0.00775753584155621	0.00414529614276681
2014	0.0618543943294982	0.48	0.0659737514313397	0.0608128219805381	0.0638970157987127	0.0594140684723676	0.0143328883580412
2014	0.0151490672340835	0.548571428571429	0.0122875011010306	0.011310818546079	0.00860152135751902	0.0144965716772319	0.00583151830253636
2014	0.011735628667384	0.44	0.0216242402889104	0.0111734401831711	0.0118197776477472	0.0199254354499159	0.00254689805381859
2014	0.0174109429409197	0.742857142857143	0.0145776446754162	0.0237206639954207	0.0211819777647747	0.0210333188281369	0.0176526382350875
2014	0.230245540701731	0.84	0.337179600105699	0.311436748712078	0.220655354008192	0.300537476331048	0.211603316236914
2014	0.0246623514569848	0.314285714285714	0.0204791685017176	0.0206983400114482	0.0362200117027501	0.0159455231867524	0.00254689805381859
2014	0.00783234619760819	0.542857142857143	0.00334713291640976	0.0046937607326846	0.00760678759508484	0.0231220671080951	0.00142274994730556
2014	0.0043054700954594	0.331428571428571	0.00277459702281335	0.001740125930166	0.00128730251609128	0.00355651734155033	0.000614768495749315
2014	0.00347875108710971	0.502857142857143	0.00700255439090989	0.00373211219232971	0.00251609128145114	0.0041445658437908	0.000948499964870372
2014	0.0643173638491762	0.4	0.0477406852814234	0.0349627933600458	0.0380924517261556	0.0527455984569607	0.0131911754373639
2014	0.0145234420385756	0.411428571428571	0.0115388003170968	0.0164625071551231	0.0153306026916325	0.00945581991602667	0.00509379610763718
2014	0.0493401716688036	0.508571428571428	0.0389324407645556	0.0371837435603892	0.0442363955529549	0.0435085325837675	0.00974847186116771
2014	0.017636099261281	0.491428571428571	0.00761913150709064	0.0142415569547796	0.0173200702165009	0.0129794065414515	0.00191456474390501
2014	0.0157729736790543	0.365714285714286	0.00801550251034969	0.0093875214653692	0.00871854885898186	0.0165171063309302	0.00339000913370337
2014	0.0147589108621596	0.394285714285714	0.00528494671012067	0.00870062965082999	0.0137507314218841	0.00985804509155915	0.000790416637391976
2014	0.0283078213461942	0.434285714285714	0.0279221351184709	0.0150200343445907	0.0173200702165009	0.0216001975842968	0.00741235157732031
2014	0.0207556314861348	0.428571428571429	0.0183651898176693	0.0203548941041786	0.0284961966062025	0.0149670104790243	0.00122953699149863
2014	0.0101028156571299	0.474285714285714	0.00867612084911477	0.00796794504865484	0.015389116442364	0.0101520693426794	0.000210777769971194
2014	0.0713350222921945	0.742857142857143	0.0928829384303708	0.0830910131654264	0.0871854885898186	0.0821197972408764	0.0442106372514579
2014	0.0721651788016184	0.794285714285714	0.0845591473619308	0.0764510589582141	0.0794616734932709	0.0954473284956543	0.0732979695074826
2014	0.0167182864744645	0.28	0.0113626354267594	0.0105094447624499	0.0151550614394383	0.0126877344843403	0.00209021288554767
2014	0.0516003286251027	0.611428571428571	0.0489738395137849	0.0629192902117916	0.0739028671737858	0.0582591412139673	0.0244150916883299
2014	0.0032243760076175	0.525714285714286	0.00391966881000617	0.00560961648540355	0.00573434757167934	0.00358474366965787	0
2014	0.00427109508471721	0.217142857142857	0.00295076191315071	0.00313680595306239	0.00421299005266238	0.00588754160443153	0.00068502775240638
2014	0.0301296969155303	0.382857142857143	0.0216682815114948	0.0237206639954207	0.0354008191925102	0.0211344631705223	0.0034251387620319
2014	0.282768838365262	0.542857142857143	0.289526997269444	0.23649685174585	0.219777647747221	0.281082479682924	0.195917937188225
2014	0.0232856322767601	0.531428571428571	0.0232097243019466	0.0195764167143675	0.0122878876535986	0.0209204135157068	0.00586664793086489
2014	0.0379259493518592	0.371428571428571	0.0256760327666696	0.0283457355466514	0.0277940315974254	0.0276077010831853	0.00389938874446708
2014	0.0139253168516615	0.394285714285714	0.0142693561173258	0.00925014310246136	0.0117027501462844	0.0110764815882014	0.00403990725778121
2014	0.0106648470827647	0.462857142857143	0.0075750902845063	0.0171951917572982	0.0138092451726156	0.00810566055488257	0.000649898124077847
2014	0.00616859567768615	0.365714285714286	0.002598432132476	0.000297653119633658	0.00105324751316559	0.0164183141825538	0.00412773132860254
2014	0.0170431303259782	0.434285714285714	0.0212278692856514	0.0114024041213509	0.0133996489174956	0.0158726051724746	0.0104861940560669
2014	0.0253361016675318	0.434285714285714	0.01532634545935	0.0261705781339439	0.046459918080749	0.0211791548566926	0.00235368509801166
2014	0.0192637560199238	0.422857142857143	0.00911653307495816	0.0119061247853463	0.0193680514921006	0.0137626871464358	0.000843111079884775
2014	0.0398646999577187	0.588571428571429	0.0376992865321941	0.022575844304522	0.022878876535986	0.0446564032601409	0.0352525820276821
2014	0.00928640915200286	0.542857142857143	0.00453624592618691	0.00716657126502576	0.00585137507314219	0.00954755548237619	0.000702592566570646
2014	0.06847158389737	0.537142857142857	0.0577820840306527	0.0527303949627934	0.0496781743709772	0.0621426135227634	0.0178634160050587
2014	0.0151696922405288	0.474285714285714	0.00898440940720514	0.0178591871780195	0.0283791691047396	0.0116104296282357	0.00117684254900583
2014	0.00838062761894613	0.457142857142857	0.00673830705540386	0.00799084144247281	0.0133411351667642	0.00626389264586543	0.000562074053256517
2014	0.0160015675004898	0.331428571428571	0.0119351713203559	0.0120663995420721	0.00737273259215916	0.012520728709704	0.00219560177053327
2014	0.0677943961857488	0.36	0.0393288117678147	0.0340240412135089	0.0432416617905208	0.0593035153539464	0.00850137005550481
2014	0.00401500125468789	0.428571428571429	0.00383158636483749	0.00238122495706926	0.00210649502633119	0.00356592611758618	0
2014	0.00465781395556686	0.537142857142857	0.00647405971989782	0.00361763022323984	0.00602691632533645	0.0047796582262105	0
2014	0.00341171981616244	0.645714285714286	0.00290672069056637	0.00254149971379508	0.00298420128730252	0.00369764898208804	0.00115927773484157
2014	0.0288578215180692	0.462857142857143	0.0250594556504889	0.0296737263880939	0.041603276770041	0.0216801721806015	0.00165109253144102
2014	0.00321234475385774	0.462857142857143	0.00171760768078922	0.000595306239267315	0.000468110005851375	0.00544062474272878	0.000983629593198904
2014	0.00598125186914121	0.611428571428571	0.00691447194574121	0.00602175157412708	0.0042715038033938	0.00553706469709622	0.000491814796599452
2014	0.0248703202719751	0.348571428571429	0.0133004492204704	0.0164167143674871	0.019133996489175	0.0171239723852423	0.00398721281528841
2014	0.0169331302916032	0.28	0.00607768871663877	0.00925014310246136	0.0143358689291984	0.0119326802074635	0.0000351296283285323
2014	0.0209584440495138	0.365714285714286	0.0175284065885669	0.0115168860904408	0.0140433001755413	0.0148164700624508	0.00251176842549006
2014	0.00755047110952222	0.571428571428572	0.00281863824539769	0.00361763022323984	0.00450555880631948	0.00627330142190128	0.00266985175296845
2014	0.0463701707406784	0.445714285714286	0.0371707918611821	0.0421064682312536	0.0569338794616735	0.0344031895750762	0.00577882386004356
2014	0.0179884431213885	0.514285714285714	0.0136087377785607	0.0192558672009159	0.0331772966647162	0.0147694261822715	0.000421555539942387
2014	0.0332578228930697	0.548571428571429	0.0247071258698141	0.0334974241556955	0.0324166179052077	0.033979794653463	0.0174769900934448
2014	0.140516450161391	0.348571428571429	0.0772042631903462	0.0835947338294219	0.123522527794032	0.0942030178649135	0.0137532494906204
2014	0.00979687806152439	0.462857142857143	0.00669426583281952	0.0077389811104751	0.0152135751901697	0.00716948733931575	0.00166865734560528
2014	0.0126362539488294	0.554285714285714	0.00770721395225931	0.0145621064682313	0.0242246928028087	0.00950521599021487	0.000509379610763718
2014	0.0234918823412132	0.445714285714286	0.0151942217915969	0.0286204922724671	0.0477472205968403	0.0163007044821057	0.00189699992974074
2014	0.0375031367197302	0.44	0.02598432132476	0.0246823125357756	0.0333528379169105	0.030524421654298	0.0056558701608937
2014	0.0224657882705588	0.371428571428571	0.00876420329428345	0.0109673726388094	0.0122878876535986	0.0166935208816023	0.00147544438979836
2014	0.0171067240958513	0.451428571428572	0.0104377697524883	0.0213852318259874	0.0284961966062025	0.0136121467298623	0.00282793508044685
2014	0.0130796915874036	0.417142857142857	0.00854399718136175	0.0179736691471093	0.0320070216500878	0.00820210050925	0.0000526944424927984
2014	0.0426490758278362	0.4	0.0318858451510614	0.0421064682312536	0.0579871269748391	0.0325214343679067	0.00402234244361695
2014	0.0178268805709002	0.434285714285714	0.0194662203822778	0.0106010303377218	0.0128730251609128	0.0140755289496278	0.00216047214220474
2014	0.017290630403322	0.417142857142857	0.00841187351360874	0.0155695477962221	0.0231129315389116	0.0126077598880356	0.000175648141642661
2014	0.0620142381294494	0.485714285714286	0.0485334272879415	0.0319175729822553	0.0366296079578701	0.0867936067366836	0.0115225180917586
2014	0.00849578390493247	0.382857142857143	0.0057694001585484	0.00464796794504866	0.00544177881802224	0.00599574252884378	0.0000526944424927984
2014	0.011312816035255	0.382857142857143	0.00691447194574121	0.00366342301087579	0.00386190754827384	0.00754348618674068	0.00107145366402023
2014	0.0170328178227556	0.428571428571429	0.00872016207169911	0.0170349170005724	0.0198946752486834	0.0123113834429064	0.00110658329234877
2014	0.0306040720637725	0.32	0.0170879943627235	0.0144705208929594	0.0170275014628438	0.0248368165406283	0.00230099065551886
2014	0.00416453255141642	0.354285714285714	0.00462432837135559	0.00194619347452776	0.00345231129315389	0.00302962588354287	0.00105388884985597
2014	0.00351656359892612	0.462857142857143	0.0031709680260724	0.00448769318832284	0.00555880631948508	0.00351417784938902	0.0000878240708213307
2014	0.00505828283071338	0.325714285714286	0.00303884435831939	0.00419004006868918	0.00760678759508484	0.003391863760923	0.000210777769971194
2014	0.0203396938561543	0.468571428571429	0.0138729851140668	0.0159816828849456	0.0256290228203628	0.0142754654403895	0.00411016651443828
2014	0.035538604855814	0.537142857142857	0.0342640711706157	0.0266971951917573	0.0403744880046811	0.0299928258082727	0.00279280545211832
2014	0.0522293913216848	0.417142857142857	0.0336915352770193	0.0347338294218661	0.0568753657109421	0.0386441953732344	0.00720157380734912
2014	0.0181757869299334	0.417142857142857	0.0111424293138378	0.0100973096737264	0.011644236395553	0.0136544862220236	0.00244150916883299
2014	0.00558078299399469	0.48	0.00347925658416278	0.00354894104178592	0.00462258630778233	0.00487374598656897	0.0000878240708213307
2014	0.00881031525322352	0.457142857142857	0.00436008103584956	0.0065254722381225	0.00544177881802224	0.0068331235960342	0.00105388884985597
2014	0.00822250256953205	0.325714285714286	0.00524090548753633	0.00796794504865484	0.0147454651843183	0.00587813282839569	0.00105388884985597
2014	0.010355471986085	0.422857142857143	0.0143133973399102	0.00911276473955352	0.0133996489174956	0.00803744692862267	0.00117684254900583
2014	0.00376921992788123	0.354285714285714	0.00154144279045186	0.00222095020034345	0.00362785254534816	0.00286497230291554	0.000579638867420783
2014	0.00511156409736378	0.411428571428571	0.00193781379371091	0.00352604464796795	0.00310122878876536	0.00418690533595211	0.0000351296283285323
2014	0.014026723133351	0.525714285714286	0.010393728529904	0.0105323411562679	0.0133996489174956	0.0134898326413963	0.00110658329234877
2014	0.0274673523335476	0.457142857142857	0.0214480753985731	0.0258500286204923	0.0411351667641896	0.0227621814247239	0.00259959249631139
2014	0.00529031415322317	0.365714285714286	0.00356733902933145	0.00654836863194047	0.0102399063779988	0.00360591341573853	0.000403990725778121
2014	0.0102403157000987	0.417142857142857	0.0116268827622655	0.00625071551230681	0.0102984201287303	0.00731061897985346	0.000702592566570646
2014	0.00283421963569364	0.411428571428571	0.00387562758742183	0.00176302232398397	0.00275014628437683	0.00265562703611794	0.000281037026628258
2014	0.0603693938654356	0.405714285714286	0.0416189553422003	0.0416714367487121	0.0561146869514336	0.045761934444353	0.00576125904587929
2014	0.0144804732751479	0.474285714285714	0.0126838721042896	0.011287922152261	0.0244002340550029	0.0110270855140132	0.000614768495749315
