2015	0.0107800033687511	0.468571428571429	0.00863207962653043	0.00622781911848884	0.0118782913984786	0.0114528326296353	0.00107145366402023
2015	0.0120278162586926	0.52	0.00779529639742799	0.00925014310246136	0.0115857226448215	0.0110905947522552	0.00507623129347291
2015	0.0131828166196302	0.502857142857143	0.0122434598784462	0.0136462507155123	0.0188414277355178	0.0120173591917861	0.0020726480713834
2015	0.00431750134921917	0.457142857142857	0.00466836959393993	0.00558672009158557	0.00772381509654769	0.00440801157279452	0.000930935150706106
2015	0.0278489149527859	0.457142857142857	0.023385889192284	0.0221408128219805	0.0304271503803394	0.0235478142237172	0.00200238881472634
2015	0.0060517206411627	0.617142857142857	0.0059896062714701	0.0046937607326846	0.00649502633118783	0.00680019287990873	0.000509379610763718
2015	0.0177237555386736	0.434285714285714	0.00960098652338589	0.0197824842587292	0.0327677004095963	0.0139414538911169	0.00175648141642661
2015	0.0755098673468335	0.622857142857143	0.0704659561349423	0.0527074985689754	0.0572264482153306	0.0808801909981535	0.0173540363942949
2015	0.0121876600586438	0.474285714285714	0.00788337884259667	0.00879221522610189	0.0153306026916325	0.01042257165371	0.000614768495749315
2015	0.0319807912439973	0.417142857142857	0.0215801990663261	0.0297882083571837	0.0440608543007607	0.0251473061498112	0.00407503688610975
2015	0.0176498492655779	0.422857142857143	0.0142253148947415	0.0131654264453349	0.0174370977179637	0.0182365601514813	0.00268741656713272
2015	0.00434328260727582	0.491428571428571	0.00532898793270501	0.00570120206067544	0.0061439438267993	0.00443859009491103	0.000140518513314129
2015	0.00810906503408282	0.417142857142857	0.00863207962653043	0.0116542644533486	0.022469280280866	0.00659084761311113	0.000526944424927984
2015	0.0112079722524913	0.588571428571429	0.0144455210076632	0.00851745850028621	0.0131070801638385	0.0104602067578534	0.000895805522377573
2015	0.0472501710156784	0.588571428571429	0.0395490178807364	0.0432512879221523	0.0507314218841428	0.0436449598362873	0.00567343497505796
2015	0.00756250236328199	0.434285714285714	0.00634193605214481	0.00439610761305094	0.00942071386775892	0.00615569172145319	0.000386425911613855
2015	0.0077635961761238	0.405714285714286	0.00960098652338589	0.0068689181453921	0.00485664131070802	0.0061980312136145	0.0000351296283285323
2015	0.024162195050686	0.382857142857143	0.0143574385624945	0.0163251287922152	0.0261556465769456	0.0299481341221024	0.00282793508044685
2015	0.0596423623882382	0.462857142857143	0.0487536334008632	0.0366571265025758	0.0393212404915155	0.05673491949616	0.00874727745380454
2015	0.00220515693911154	0.405714285714286	0.00264247335506034	0.00322839152833429	0.00392042129900527	0.00243216860526656	0.0000702592566570646
2015	0.00552062672519585	0.542857142857143	0.0057694001585484	0.00457927876359473	0.00725570509069631	0.00540769402660331	0.000175648141642661
2015	0.0166907864658708	0.491428571428571	0.0114066766493438	0.0165769891242129	0.0322995904037449	0.0155362414291931	0.000720157380734912
2015	0.00963875301211032	0.434285714285714	0.00792742006518101	0.00961648540354894	0.0148624926857812	0.0075670081268303	0.00101875922152744
2015	0.0425304820407756	0.565714285714286	0.0651369682022373	0.0351688609044076	0.0532475131655939	0.0453197219706681	0.0232031195109956
2015	0.0230261009456565	0.462857142857143	0.0153703866819343	0.0246365197481397	0.0358104154476302	0.0190480670845731	0.00516405536429425
2015	0.0119126599727062	0.485714285714286	0.015458469127103	0.0128677733257012	0.0214160327677004	0.0101873522528138	0.000983629593198904
2015	0.00529718915537161	0.525714285714286	0.0049766581520303	0.00570120206067544	0.0105324751316559	0.00537005892245992	0.000263472212463992
2015	0.00512015785004933	0.411428571428571	0.00361138025191579	0.00659416141957642	0.0108835576360445	0.00414221364978183	0.000333731469121057
2015	0.00338078230649447	0.44	0.00184973134854224	0.00364052661705781	0.00462258630778233	0.00361532219177438	0
2015	0.0649000202812563	0.457142857142857	0.0488417158460319	0.0541957641671437	0.0658279695728496	0.0580756700812683	0.00834328672802642
2015	0.00667390833559635	0.474285714285714	0.00295076191315071	0.00274756725815684	0.00579286132241077	0.00591812012654804	0.000439120354106654
2015	0.00339281356025424	0.434285714285714	0.00462432837135559	0.00535775615340584	0.011234640140433	0.00333070671668999	0
2015	0.00854906517158287	0.462857142857143	0.00643001849731349	0.0122495706926159	0.0184903452311293	0.00701894692274219	0
2015	0.214802567125802	0.382857142857143	0.177089756011627	0.0985689753863766	0.138326506729081	0.214308396156515	0.0468453593760978
2015	0.00835312761035238	0.508571428571428	0.0104377697524883	0.00693760732684602	0.0112931538911644	0.00751525985863314	0
2015	0.0251659453643579	0.44	0.0182330661499163	0.0256439610761305	0.0393797542422469	0.0186411375210227	0.000860675894049041
2015	0.034816729630228	0.342857142857143	0.0229895181890249	0.0240412135088724	0.0334113516676419	0.0269584955367119	0.00400477762945268
2015	0.0030800009625003	0.371428571428571	0.00290672069056637	0.00311390955924442	0.00491515506143944	0.00317075752408059	0.000403990725778121
2015	0.00398921999663125	0.6	0.00854399718136175	0.00805953062392673	0.0102984201287303	0.00449504275112611	0.00105388884985597
2015	0.00999969062490332	0.497142857142857	0.00924865674271118	0.0141957641671437	0.0223522527794032	0.00887012360779517	0.00149300920396262
2015	0.0129748478046399	0.702857142857143	0.0196864264951995	0.0230108757870635	0.0223522527794032	0.01529396544627	0.000790416637391976
2015	0.0233990698122093	0.502857142857143	0.0169558706949705	0.0142415569547796	0.0155061439438268	0.0215907888082609	0.00423312021358814
2015	0.0155787548683609	0.525714285714286	0.0121553774332775	0.0144476244991414	0.0252194265652428	0.0141484469639056	0.0012471018056629
2015	0.00636109573784242	0.445714285714286	0.00528494671012067	0.0012135088723526	0.00181392627267408	0.00557469980123961	0.000737722194899178
2015	0.0230725072101585	0.491428571428571	0.0148418920109222	0.0351459645105896	0.0529549444119368	0.0190668846366448	0.000878240708213307
2015	0.00427797008686565	0.537142857142857	0.00325905047124108	0.00492272467086434	0.00661205383265067	0.00488550695661378	0.000333731469121057
2015	0.0680625212695379	0.514285714285714	0.0660177926539241	0.0589811104751002	0.0605032182562902	0.0691192209533442	0.0735263120916181
2015	0.0182703182094744	0.428571428571429	0.00920461552012684	0.0219347452776188	0.0370392042129901	0.0148752749126748	0.000966064779034638
2015	0.0109037534074229	0.508571428571428	0.00643001849731349	0.0138523182598741	0.02510239906378	0.00983922753948746	0.00288062952293965
2015	0.01120281600088	0.462857142857143	0.0158107989077777	0.0100744132799084	0.0135166764189585	0.00972161783903936	0.00100119440736317
2015	0.03087907214971	0.417142857142857	0.0237382189729587	0.0290326273611906	0.0414862492685781	0.0253660601926447	0.00295088877959671
2015	0.00896500280156338	0.508571428571428	0.0081476261781027	0.00913566113337149	0.00889409011117613	0.00851023792442401	0.000281037026628258
2015	0.00205734439292012	0.348571428571429	0.00356733902933145	0.003480251860332	0.00497366881217086	0.00256389146976843	0.000351296283285323
2015	0.0306728220852569	0.44	0.0214480753985731	0.0234001144819691	0.0323581041544763	0.0236254366260129	0.00305627766458231
2015	0.00819844006201252	0.405714285714286	0.00933673918787986	0.014791070406411	0.0283791691047396	0.00654145153892293	0
2015	0.526176570680178	0.417142857142857	0.450233418479697	0.348322839152833	0.450965476887068	0.445547884789537	0.0993817185414178
2015	0.0301400094187529	0.554285714285714	0.0301682374702722	0.0186376645678306	0.026623756582797	0.0318275371352629	0.00765825897562004
2015	0.0141951606859877	0.485714285714286	0.0117590064300185	0.0142873497424156	0.0276184903452311	0.0122290566525927	0.00272254619546125
2015	0.105615501754844	0.514285714285714	0.114991632167709	0.0807784773898111	0.107197191339965	0.0975219636115587	0.0136829902339633
2015	0.0089512527972665	0.508571428571428	0.0104818109750727	0.0118603319977104	0.0190754827384435	0.00825620097145613	0.000562074053256517
2015	0.0200939125293477	0.468571428571429	0.0151942217915969	0.0157985117344018	0.0241076653013458	0.0178272783939219	0.000210777769971194
2015	0.00782375244492264	0.525714285714286	0.0067823482779882	0.00641099026903263	0.0106495026331188	0.00748468133651664	0.00305627766458231
2015	0.0384793870248084	0.491428571428571	0.0359816788514049	0.0350772753291357	0.0543592744294909	0.0313077022592823	0.00428581465608094
2015	0.00903547157358487	0.525714285714286	0.00603364749405444	0.00666285060103034	0.00942071386775892	0.00801627718254202	0.000439120354106654
2015	0.00358015736879918	0.297142857142857	0.0018056901259579	0.00361763022323984	0.00702165008777063	0.00364354851988192	0
2015	0.0057990643122076	0.52	0.00352329780674712	0.00748712077847739	0.0117612638970158	0.00542651157867501	0.0000702592566570646
2015	0.0151525047351577	0.434285714285714	0.0129040782172113	0.0180881511161992	0.031070801638385	0.0112505439448646	0.000649898124077847
2015	0.00790109621909257	0.491428571428571	0.00506474059719898	0.00709788208357184	0.0118782913984786	0.00736707163606854	0.000562074053256517
2015	0.0154584423307632	0.457142857142857	0.0182771073725007	0.0219347452776188	0.0381509654768871	0.0124078233972738	0.000597203681585049
2015	0.00524218913818411	0.434285714285714	0.00118911300977715	0.00847166571265026	0.0140433001755413	0.00467616168981618	0.00022834258413546
2015	0.0173490679215837	0.434285714285714	0.0125077072139523	0.0102804808242702	0.0166764189584552	0.0143131005445329	0.00193212955806928
2015	0.00421781381806682	0.291428571428571	0.00154144279045186	0.00190040068689181	0.00198946752486834	0.00294024251120232	0.000140518513314129
2015	0.0537762668050834	0.462857142857143	0.0491500044041223	0.0342301087578706	0.0447045055588063	0.0652239876745034	0.00918639780791119
2015	0.00725312726660227	0.508571428571428	0.00783933762001233	0.0109673726388094	0.0218841427735518	0.00701659472873323	0
2015	0.0113764098051281	0.474285714285714	0.0133004492204704	0.010463651974814	0.0158572264482153	0.0108436143813142	0.000368861097449589
2015	0.0203259438518575	0.428571428571429	0.0114947590945125	0.00870062965082999	0.00994733762434172	0.0147317910781281	0.00289819433710391
2015	0.00609125190351622	0.508571428571428	0.00510878181978332	0.0143331425300515	0.031480397893505	0.00563115245745469	0.00126466661982716
2015	0.0102437532011729	0.48	0.00938078041046419	0.00361763022323984	0.00760678759508484	0.00956402084043892	0.00145787957563409
2015	0.045955951861235	0.371428571428571	0.0336915352770193	0.0289181453921007	0.0432416617905208	0.0350688604796124	0.0044087683552308
2015	0.0094548467046396	0.502857142857143	0.00246630846472298	0.013943903835146	0.030368636629608	0.00954520328836722	0.000930935150706106
2015	0.00512703285219777	0.468571428571429	0.00638597727472915	0.00444190040068689	0.00310122878876536	0.0050383995671963	0.000755287009063444
2015	0.0168403177625993	0.6	0.0214921166211574	0.0211791642816256	0.025804564072557	0.0175732414409541	0.0145787957563409
2015	0.00283765713676786	0.502857142857143	0.00295076191315071	0.00538065254722381	0.00830895260386191	0.00329071941853764	0
2015	0.0138325043226576	0.411428571428571	0.0114507178719281	0.0122495706926159	0.011234640140433	0.0114363672715726	0.00425068502775241
2015	0.00543125169726616	0.474285714285714	0.0104818109750727	0.00668574699484831	0.00965476887068461	0.00502663859715149	0.00112414810651303
2015	0.00630265821958069	0.405714285714286	0.00352329780674712	0.00377790497996566	0.00871854885898186	0.00546179448880944	0.0010363240356917
2015	0.0162800050875016	0.531428571428571	0.0161631286884524	0.0170578133943904	0.0186073727325922	0.014800004704388	0.00165109253144102
2015	0.00693000216562568	0.44	0.00783933762001233	0.00737263880938752	0.00947922761849035	0.00583344114222541	0.000193212955806928
2015	0.01849891203091	0.525714285714286	0.0160310050206994	0.0267429879793932	0.0424809830310123	0.0160913592153081	0.00168622215976955
2015	0.0275704773657742	0.537142857142857	0.0328547520479169	0.015615340583858	0.0225277940315974	0.0254319216248956	0.00319679617789644
2015	0.00352000110000034	0.451428571428572	0.0033911741389941	0.00531196336576989	0.00866003510825044	0.00368588801204323	0
2015	0.0138135980667494	0.582857142857143	0.0167356645820488	0.0194619347452776	0.0270918665886483	0.0127465393345643	0.000860675894049041
2015	0.0325359476674836	0.742857142857143	0.0286267946798203	0.0238351459645106	0.0210649502633119	0.0430357415879662	0.0105915829410525
2015	0.00575265804770564	0.52	0.00541707037787369	0.00483113909559244	0.00456407255705091	0.00584284991826126	0.000421555539942387
2015	0.00171359428549821	0.502857142857143	0.00202589623887959	0.00407555809959931	0.00626097132826214	0.00236865936702459	0.000720157380734912
2015	0.00787187745996171	0.565714285714286	0.00819166740068704	0.010417859187178	0.0135166764189585	0.00762816517106331	0.000333731469121057
2015	0.0177100055343767	0.451428571428572	0.0143574385624945	0.0242930738408701	0.0392627267407841	0.0143836663648018	0.000210777769971194
2015	0.0435668886146527	0.4	0.0326785871575795	0.0453577561534058	0.0628437682855471	0.0321686052665624	0.00203751844305487
2015	0.00685953339360419	0.502857142857143	0.00713467805866291	0.00700629650829994	0.0133411351667642	0.0065555647029767	0.000526944424927984
2015	0.0426542320794475	0.44	0.0373029155289351	0.0372982255294791	0.0601521357519017	0.0331259482282099	0.00693810159488513
2015	0.00026468758271487	0.36	0.000220206112921695	0.00162564396107613	0.00210649502633119	0.000950286379620591	0
2015	0.0100460968894053	0.474285714285714	0.00713467805866291	0.0108299942759015	0.0200117027501463	0.00917826102296918	0.000403990725778121
2015	0.0133478166711927	0.434285714285714	0.0144455210076632	0.0077389811104751	0.0142188414277355	0.0191021675467793	0.000298601840792524
2015	0.0107834408698253	0.457142857142857	0.00643001849731349	0.0118603319977104	0.0205968402574605	0.00863019981888106	0.0011944073631701
2015	0.0303273532272979	0.554285714285714	0.0292433717960011	0.0186834573554665	0.0260386190754827	0.0320580521481412	0.00379399985948149
2015	0.0259737581167994	0.565714285714286	0.0281423412313926	0.0225071551230681	0.0290813341135167	0.0257588765921413	0.00447902761188787
2015	0.0103417219817881	0.502857142857143	0.0100854399718136	0.0103491700057241	0.0131655939145699	0.00955225987039411	0.0010363240356917
2015	0.00969719053037204	0.594285714285714	0.0118030476526028	0.00691471093302805	0.0101813926272674	0.0104343326237548	0.00216047214220474
2015	0.0153639110512222	0.445714285714286	0.0101735224169823	0.0194390383514596	0.0310122878876536	0.0143460312606584	0.000807981451556243
2015	0.00651578328618228	0.582857142857143	0.00739892539416894	0.00494562106468231	0.00526623756582797	0.00696719865454503	0.000702592566570646
2015	0.00900281531337978	0.382857142857143	0.00541707037787369	0.00911276473955352	0.0102984201287303	0.0075670081268303	0.00275767582378978
2015	0.00476437648886765	0.445714285714286	0.00427199859068088	0.00254149971379508	0.00356933879461673	0.00480788455431804	0
2015	0.00822594007060627	0.428571428571429	0.0067823482779882	0.00908986834573555	0.0155646576945582	0.00906065132252108	0.00200238881472634
2015	0.0766751802109938	0.457142857142857	0.073152470712587	0.049593589009731	0.0600351082504389	0.0865019346795724	0.0136654254197991
2015	0.00639203324751039	0.502857142857143	0.00616577116180745	0.00606754436176302	0.00573434757167934	0.00711773907111859	0.000158083327478395
2015	0.0122735975854992	0.508571428571428	0.0135206553333921	0.0111963365769891	0.0126389701579871	0.0100015289261058	0.000614768495749315
2015	0.00748172108803784	0.491428571428571	0.00603364749405444	0.0100286204922725	0.0164423639555295	0.00664730026932621	0.000860675894049041
2015	0.0211990691247091	0.525714285714286	0.0268211045538624	0.0294676588437321	0.0538911644236396	0.0212261987368718	0.000491814796599452
2015	0.00368156365048864	0.44	0.00387562758742183	0.00519748139668002	0.00906963136337039	0.00367412704199842	0.000245907398299726
2015	0.0155134423479507	0.497142857142857	0.012860036994627	0.0107384087006297	0.0170275014628438	0.0154633234149153	0.0034251387620319
2015	0.0173284429151384	0.502857142857143	0.0113185942041751	0.0138523182598741	0.0229373902867174	0.0147623696002446	0.000421555539942387
2015	0.0673922085600652	0.485714285714286	0.0626706597375143	0.0477389811104751	0.055061439438268	0.0663671539628589	0.00915126817958266
2015	0.0337751668047396	0.468571428571429	0.0300801550251035	0.0219805380652547	0.0227618490345231	0.0329707034236184	0.00330218506288203
2015	0.0655084579713931	0.457142857142857	0.0594556504888576	0.0533028048082427	0.0668227033352838	0.0525315488021452	0.0217452399353615
2015	0.0373140741606482	0.451428571428572	0.0218884876244165	0.0230108757870635	0.0283791691047396	0.064939372199419	0.00750017564814164
2015	0.0299354781048369	0.462857142857143	0.0260283625473443	0.0163251287922152	0.0161497952018724	0.0257894551142578	0.00266985175296845
2015	0.0466795458373581	0.382857142857143	0.0214921166211574	0.0272009158557527	0.0293739028671738	0.0325708304420949	0.00442633316939507
2015	0.0273212585378933	0.537142857142857	0.0380516163128688	0.0311848883800801	0.0366881217086015	0.0228750867371541	0.00128223143399143
2015	0.230216321942601	0.571428571428572	0.221747555712147	0.197527189467659	0.240550029256875	0.248135298199395	0.0480573315534322
2015	0.0175243804763689	0.491428571428571	0.0134325728882234	0.0117687464224385	0.0165593914569924	0.0145200936173216	0.00265228693880419
2015	0.0248548515171411	0.485714285714286	0.0177926539240729	0.0238122495706926	0.0214745465184318	0.0221223846542863	0.0022834258413546
2015	0.0928692477716399	0.434285714285714	0.0715229454769664	0.0634230108757871	0.0782328847279111	0.0787773295541416	0.0153692123937329
2015	0.127249414765442	0.554285714285714	0.104641944860389	0.096554092730395	0.0959040374488005	0.116748797440813	0.0201819714747418
2015	0.0262917269661647	0.485714285714286	0.0241786311988021	0.0211333714939897	0.0293739028671738	0.0245616098415797	0.00465467575353053
2015	0.0710033034385323	0.428571428571429	0.060028186382454	0.0599427590154551	0.0749561146869514	0.0528091076952027	0.00758799971896297
2015	0.0233045385326683	0.485714285714286	0.0198625913855369	0.0139896966227819	0.0165593914569924	0.018749338445435	0.00328462024871777
2015	0.0292565716426786	0.394285714285714	0.0254117854311636	0.0162564396107613	0.0252779403159743	0.0217954296870406	0.00216047214220474
2015	0.917714818035881	0.36	0.640271293931119	0.512192329708071	0.539555295494441	0.750295788396627	0.373463078760627
2015	0.0345279795399936	0.457142857142857	0.0324143398220735	0.01740125930166	0.0236395552954944	0.0293883119479695	0.00165109253144102
2015	0.0249270390396997	0.462857142857143	0.0221086937373381	0.0149742415569548	0.0188999414862493	0.0229879920495842	0.00379399985948149
2015	0.11149878484337	0.628571428571428	0.0957456178983529	0.0536462507155123	0.0326506729081334	0.129041363331648	0.0252406379540504
2015	0.0532657978955618	0.382857142857143	0.0328987932705012	0.02960503720664	0.0357519016968988	0.0414174321098004	0.00540996276259397
2015	0.0932525291414154	0.56	0.0910332070818286	0.0718259874069834	0.0720304271503803	0.0929046067719665	0.0123480643574791
2015	0.0185848495577655	0.434285714285714	0.0161631286884524	0.0169204350314825	0.0191925102399064	0.0159549319627883	0.00142274994730556
2015	0.825292445403889	0.451428571428572		0.542392673153978	0.571737858396723	0.787620402930834	0.191667252160472
2015	0.0265598520499538	0.52	0.0277900114507179	0.0174699484831139	0.0227618490345231	0.0254366260129135	0.00198482400056207
2015	0.0185865683083026	0.502857142857143	0.0141812736721571	0.0211333714939897	0.0304856641310708	0.0168323003281311	0.00112414810651303
2015	0.0584340807606502	0.565714285714286	0.0500748700783934	0.024338866628506	0.014979520187244	0.0537452809107695	0.00670975901074967
2015	0.108979096555968	0.417142857142857	0.0831938694618163	0.0642472810532341	0.0793446459918081	0.114885859785715	0.0387655448605354
2015	0.0254065704395533	0.474285714285714	0.012860036994627	0.0237664567830567	0.0382094792276185	0.0212238465428629	0.00403990725778121
2015	0.568669240209138	0.394285714285714	0.45067383070554	0.342209502003434	0.428145114101814	0.502416879344208	0.0942176631771236
2015	0.0520901725281789	0.394285714285714	0.0424116973487184	0.0236519748139668	0.0247513165593915	0.0455596457595822	0.00486545352350172
2015	0.0185006307814471	0.497142857142857	0.0274376816700432	0.0110360618202633	0.0128730251609128	0.0216801721806015	0.00344270357619616
2015	0.00944453420141694	0.44	0.00986523385889192	0.004350314825415	0.00772381509654769	0.00713655662319028	0.000491814796599452
2015	0.0175003179688494	0.48	0.0208314982823923	0.0100515168860904	0.0124634289057929	0.0162654215719713	0.00201995362889061
2015	0.0273625085507839	0.497142857142857	0.0280983000088082	0.0200572409845449	0.0338209479227619	0.0241241017559128	0.00324949062038924
2015	0.0182376619492694	0.457142857142857	0.0143574385624945	0.0145392100744133	0.0230544177881802	0.0163877356604373	0.00173891660226235
2015	0.0204686001464375	0.96	0.0333832467189289	0.0139896966227819	0.0147454651843183	0.0219130393874887	0.0020726480713834
2015	0.0373845429326697	0.514285714285714	0.0268651457764468	0.027819118488838	0.0315389116442364	0.0334975948816258	0.00360078690367456
2015	0.020977350305422	0.468571428571429	0.0175284065885669	0.0194619347452776	0.0293153891164424	0.0181871640772931	0.00140518513314129
2015	0.0467190770997116	0.382857142857143	0.0311371443671276	0.0301545506582713	0.0471035693387946	0.0370988039093464	0.00523431462095131
2015	0.0377832930572791	0.485714285714286	0.0343081123932	0.0227590154550658	0.0170860152135752	0.0373763628024039	0.00562074053256517
2015	0.161629581759244	0.405714285714286	0.10362899674095	0.0787635947338294	0.0651258045640726	0.126355157773413	0.0235895454226094
2015	0.0391393872310585	0.525714285714286	0.0323262573769048	0.0473726388093875	0.0643066120538326	0.0330295082738424	0.00374130541698869
2015	0.109061596581749	0.508571428571428	0.0952171232273408	0.0788093875214654	0.0961380924517262	0.103856422077693	0.0194266844656784
2015	0.0307037595949249	0.422857142857143	0.028582753457236	0.0209502003434459	0.0309537741369222	0.0238441906688464	0.00258202768214712
2015	0.200272250085078	0.468571428571429	0.145864529199331	0.149582140812822	0.163253364540667	0.185668081903395	0.123621162088105
2015	0.303949001234063	0.411428571428571	0.237117942394081	0.188345735546651	0.22264482153306	0.274392839921437	0.0371495819574229
2015	0.0242859450893578	0.508571428571428	0.0190258081564344	0.0163709215798512	0.0218256290228204	0.0245310313194632	0.00504110166514438
2015	0.166742864607145	0.365714285714286	0.0956575354531842	0.0871207784773898	0.098888238736103	0.131588789443353	0.0550481275908101
2015	0.0407378252305704	0.428571428571429	0.0404738835550075	0.0372753291356611	0.0596840257460503	0.0339256941912569	0.00542752757675824
2015	0.112107222533507	0.542857142857143	0.0806394785519246	0.0631940469376073	0.0517261556465769	0.104818469427358	0.015509730907047
2015	0.0146884420901382	0.462857142857143	0.0128159957720426	0.0101888952489983	0.0119953188999415	0.0117986051489527	0.00151057401812689
2015	0.0260270393834498	0.491428571428571	0.023518012860037	0.00968517458500286	0.0105324751316559	0.0229268350053512	0.00330218506288203
2015	0.069367052927204	0.462857142857143	0.0480489738395138	0.0359931310818546	0.0362785254534816	0.0593787855622332	0.00985386074615331
2015	0.00907500283593839	0.394285714285714	0.00770721395225931	0.00361763022323984	0.00444704505558806	0.00658614322509321	0.000421555539942387
2015	0.381409650440516	0.365714285714286	0.293358583634282	0.250463651974814	0.319309537741369	0.333378809084173	0.0901777559193424
2015	0.0091850028703134	0.417142857142857	0.00770721395225931	0.00574699484831139	0.0119953188999415	0.00699307278864361	0.00156326846061969
2015	0.0204943814044942	0.6	0.0161190874658681	0.0292386949055524	0.0351667641895846	0.0203464781775201	0.000895805522377573
2015	0.057552361735113	0.44	0.049766581520303	0.0378935317687464	0.0425394967817437	0.0491373328472132	0.00419799058525961
2015	0.00706406470752022	0.44	0.00665022461023518	0.00432741843159702	0.00468110005851375	0.00494195961282887	0.000807981451556243
2015	0.0284590713934598	0.371428571428571	0.015854840130362	0.0114024041213509	0.0156231714452896	0.0201959377609465	0.00175648141642661
2015	0.0118989099684094	0.457142857142857	0.0133004492204704	0.0112192329708071	0.0142188414277355	0.0104696155338892	0.00152813883229115
2015	0.0223506319845725	0.52	0.0171320355853078	0.01909559244419	0.0224107665301346	0.0206969550848554	0.00115927773484157
2015	0.0321131350353547	0.571428571428572	0.0271734343345371	0.0344590726960504	0.0428320655354008	0.0317875498371106	0.00688540715239233
2015	0.0174693804591814	0.497142857142857	0.0149299744560909	0.0199427590154551	0.0220011702750146	0.0152657391181625	0.000562074053256517
2015	0.103604563626426	0.491428571428571	0.0719193164802255	0.0596222095020034	0.0685781158572265	0.111875051454244	0.0146666198271622
2015	0.0263793832435573	0.502857142857143	0.015590592794856	0.020835718374356	0.0245757753071972	0.0238347818928105	0.00309140729291084
2015	0.0210942253419454	0.525714285714286	0.0199947150532899	0.00957069261591299	0.0113516676418958	0.0208404389194021	0.00149300920396262
2015	0.0813433066697833	0.411428571428571	0.0550515282304237	0.0589582140812822	0.0729666471620831	0.0665623860656027	0.00753530527647017
2015	0.0472536085167527	0.48	0.0351448956223025	0.0463880938752147	0.0644821533060269	0.0422148258788385	0.00454928686854493
2015	0.0392734497729531	0.462857142857143	0.031313309257465	0.0300858614768174	0.0449970743124634	0.0341609135921531	0.00281037026628258
2015	0.0497131405353564	0.468571428571429	0.037038668193429	0.0597595878649113	0.103042715038034	0.0449786538393687	0.00437363872690227
2015	0.0356846986514683	0.44	0.0247511670923985	0.0162564396107613	0.0224107665301346	0.0353817022828043	0.0045668516827092
2015	0.0305267282896026	0.537142857142857	0.0326345459349952	0.0188437321121923	0.0260386190754827	0.029663518647018	0.00258202768214712
2015	0.257140549106422	0.428571428571429	0.194750286267947	0.160549513451631	0.169455822118198	0.221741329224834	0.032336822876414
2015	0.378341680731775	0.417142857142857	0.254029771866467	0.217149398969662	0.242773551784669	0.323995907182424	0.0641291365137357
2015	0.14790192121935	0.371428571428571	0.0897560116268828	0.098271322266743	0.122352252779403	0.10486080891952	0.0128398791540786
2015	0.0617667380521056	0.462857142857143	0.0463313661587246	0.0332684602175157	0.0393797542422469	0.0498735695720183	0.00641115716995714
2015	0.030344540732669	0.6	0.0357614727384832	0.0203319977103606	0.0214160327677004	0.0332059228245146	0.00447902761188787
2015	0.0181826619320819	0.462857142857143	0.0134325728882234	0.0134401831711505	0.0142773551784669	0.0161336987074694	0.000790416637391976
2015	0.00724625226445383	0.542857142857143	0.0112305117590064	0.0105323411562679	0.0122878876535986	0.00728004045773695	0.00054450923909225
2015	0.13334582292057	0.6	0.106051263983088	0.0766571265025758	0.0851375073142188	0.142350077034354	0.0258202768214712
2015	0.0417450130453166	0.4	0.0291552893508324	0.0305437893531769	0.0340550029256875	0.0319380902536841	0.00672732382491393
2015	0.0724178351305735	0.525714285714286	0.0724037699286532	0.0460217515741271	0.0538326506729081	0.0671692521199149	0.00686784233822806
2015	0.0247053202204126	0.405714285714286	0.02598432132476	0.0210646823125358	0.0220011702750146	0.0207886906512049	0.00268741656713272
2015	0.0847601827375571	0.434285714285714	0.0664582048797675	0.0398626216370922	0.0476301930953774	0.0983758100368118	0.0141748050305628
2015	0.0146970358428237	0.4	0.01065797586541	0.0113795077275329	0.0136337039204213	0.0122031825184941	0.00110658329234877
2015	0.0643104888470278	0.497142857142857	0.044569717255351	0.0502346880366342	0.0483908718548859	0.0571253837016477	0.0185835733857936
2015	0.908803096500968	0.331428571428571	0.640975953492469	0.391848883800801	0.391808074897601	0.682051583614616	0.145506920536781
2015	0.0476918899037156	0.388571428571429	0.0268211045538624	0.0244075558099599	0.021357519016969	0.0305832265045221	0.00265228693880419
2015	0.119114568473303	0.4	0.0713908218092134	0.0794504865483686	0.0856056173200702	0.0831735801568913	0.0161947586594534
2015	0.0330412603253939	0.428571428571429	0.0200387562758742	0.0227361190612479	0.0269163253364541	0.0224987356957202	0.00377643504531722
2015	0.262171331928541	0.531428571428571	0.228089491764291	0.185621064682313	0.163545933294324	0.247561362861209	0.281019461814094
2015	0.0863809644940514	0.417142857142857	0.0544789923368273	0.0561419576416714	0.0694558221181978	0.0630105731120703	0.00815007377221949
2015	0.0405315751661172	0.48	0.0298599489121818	0.028734974241557	0.0318314803978935	0.0301151398967387	0.00500597203681585
2015	0.399248562265176	0.554285714285714	0.290451862943715	0.265094447624499	0.152428320655354	0.354136921213262	0.126378837911895
2015	0.126671914584973	0.422857142857143	0.073680965383599	0.0535775615340584	0.0571679344645992	0.106100415162243	0.0131560458090353
2015	0.0974342491982029	0.342857142857143	0.06029243371796	0.0427475672581568	0.0469280280866003	0.0735813329883449	0.0108199255251879
2015	0.0023959382487307	0.297142857142857	0.00136527790011451	0.00203777904979966	0.00415447630193095	0.00190292495325014	0.000140518513314129
2015	0.0429257946643108	0.457142857142857	0.0198625913855369	0.0323297080709788	0.0345816266822703	0.0311806837827984	0.0106618421977095
2015	0.096949561546738	0.451428571428572	0.0702457500220206	0.0359244419004007	0.0286717378583967	0.138471309113576	0.025802712007307
2015	0.318451818266193	0.56	0.25750902845063	0.173371493989697	0.119777647747221	0.320500546885107	0.101173329586173
2015	0.0258740705856471	0.405714285714286	0.0202149211662116	0.0106926159129937	0.0109420713867759	0.0238441906688464	0.00261715731047566
2015	0.0533517354224173	0.4	0.0301241962476878	0.0334287349742416	0.0448215330602692	0.0362120267679678	0.00653411086910701
2015	0.0240968825302758	0.48	0.0205232097243019	0.0143102461362335	0.0187829139847864	0.0245686664236066	0.00465467575353053
2015	0.0436597011436566	0.411428571428571	0.0304324848057782	0.0237893531768746	0.0233469865418373	0.0428546226492761	0.00869458301131174
2015	0.0580920494037654	0.422857142857143	0.0515282304236766	0.0254836863194047	0.026214160327677	0.0459877450692133	0.00681514789573526
2015	0.163580363618864	0.4	0.115255879503215	0.0792444190040069	0.0674663545933294	0.13809966246016	0.0548900442633317
2015	0.187080839712762	0.417142857142857	0.164493966352506	0.125472238122496	0.129549444119368	0.14732026297529	0.105142977587297
2015	0.348976827805259	0.554285714285714	0.330000880824452	0.299164281625644	0.296606202457578	0.358417914309572	0.0968523853017635
2015	0.0214293816966818	0.377142857142857	0.0118470888751872	0.0125243274184316	0.0142773551784669	0.0145224458113305	0.00175648141642661
2015	0.187615371129803	0.428571428571429	0.140447458821457	0.115649685174585	0.107255705090696	0.167189245768991	0.0525714887936486
2015	0.091473622335507	0.417142857142857	0.0643442261957192	0.0627819118488838	0.063662960795787	0.0613663894998059	0.0132789995081852
2015	0.00205906314345723	0.102857142857143	0.000264247335506034	0.00128219805380653	0.00257460503218256	0.00182765474496336	0.00189699992974074
2015	0.0993334685417089	0.502857142857143	0.0724478111512376	0.056531196336577	0.0528964306612054	0.0773448434026839	0.0337595728237195
2015	0.00891000278437587	0.445714285714286	0.00660618338765084	0.00590726960503721	0.00760678759508484	0.00719300927940537	0.00117684254900583
2015	0.0234059448143578	0.371428571428571	0.0216242402889104	0.0165998855180309	0.0150380339379754	0.0185070624625119	0.00398721281528841
2015	0.0282717275849149	0.388571428571429	0.0276138465603805	0.0171265025758443	0.0222352252779403	0.0222094158326179	0.00583151830253636
2015	0.0572086116276911	0.417142857142857	0.0379635338677002	0.0274527761877504	0.0363955529549444	0.0578686770084797	0.00795686081641256
2015	0.0304270407584502	0.4	0.0264247335506034	0.0161877504293074	0.0175541252194266	0.0210803627083162	0.00209021288554767
2015	0.0148104733782729	0.531428571428571	0.013256407997886	0.00952489982827705	0.0163838502047981	0.0113211097651334	0.00196725918639781
2015	0.144818482755776	0.417142857142857	0.0759270677354003	0.0787178019461935	0.0617320070216501	0.118562339021723	0.0590177755919342
2015	0.33438979199681	0.548571428571429	0.333039725182771	0.204556382369777	0.180339379754242	0.297434932433227	0.26041593479941
2015	0.0612889254027892	0.4	0.0391966881000617	0.0457927876359473	0.0485078993563487	0.0443223917108683	0.00572612941755076
2015	0.0885001839063075	0.491428571428571	0.0780850876420329	0.0524327418431597	0.0620245757753072	0.0708763098780387	0.0975549778683342
2015	0.228910071534397	0.525714285714286	0.200255439090989	0.173211219232971	0.147864248098303	0.203834076234608	0.310545914424225
2015	0.219855693704904	0.405714285714286	0.158372236413283	0.14949055523755	0.143826799297835	0.166587084102697	0.0539766739267899
2015	0.0775672117397537	0.422857142857143	0.0635074429666168	0.0357412707498569	0.0351667641895846	0.0612605407694027	0.00813250895805522
2015	0.028572508928909	0.348571428571429	0.0250154144279045	0.017424155695478	0.0228203627852545	0.0228233384689569	0.00468980538185906
2015	0.0769484615463942	0.394285714285714	0.0501189113009777	0.0473497424155696	0.0492100643651258	0.0617427405412398	0.0131911754373639
2015	0.030830947134671	0.445714285714286	0.0240024663084647	0.0195077275329136	0.0239321240491515	0.021216789960836	0.0023361202838474
2015	0.0971454991079685	0.691428571428571	0.075883026512816	0.11445907269605	0.134698654183733	0.104253942865208	0.0505339703505937
2015	0.529117352849173	0.508571428571428	0.373249361402273	0.31164281625644	0.22919836161498	0.479384195608454	0.145946040890887
2015	0.0113506285470714	0.417142857142857	0.00612172993922311	0.0051287922152261	0.00333528379169105	0.00889599774189375	0.00637602754162861
2015	0.192759591487372	0.502857142857143	0.127763586717167	0.14745277618775	0.123990637799883	0.174610417867266	0.143592355792876
2015	0.0663420519818912	0.337142857142857	0.0476966440588391	0.0334974241556955	0.0384435342305442	0.0404742023122067	0.0150003512962833
2015	0.0297498530468291	0.462857142857143	0.0234299304148683	0.0172867773325701	0.0208308952603862	0.0222305855786985	0.00546265720508677
2015	0.997346249170703	0.52	0.987888663789307	0.981408128219805	0.936805149210064	0.967316264245475	0.969718260380805
2015	0.034895792154935	0.56	0.0286708359024046	0.0346193474527762	0.0241076653013458	0.0300610394345326	0.0147720087121478
2015	0.0101285969151865	0.508571428571428	0.00986523385889192	0.00789925586720092	0.0107665301345816	0.00837381067190422	0.00180917585891941
2015	0.0993059685331152	0.4	0.063022989518189	0.0631024613623354	0.0659449970743125	0.0688604796123584	0.0177931567484016
2015	0.023488444840139	0.537142857142857	0.0199066326081212	0.0134630795649685	0.0148624926857812	0.0229456525574229	0.00537483313426544
2015	0.0495739217418505	0.422857142857143	0.0364661322998326	0.0238580423583286	0.0268578115857226	0.032749597186776	0.00811494414389096
2015	0.00325359476674836	0.308571428571429	0.00193781379371091	0.00320549513451631	0.00421299005266238	0.0022510496665765	0.000579638867420783
2015	0.0287220402256376	0.417142857142857	0.0162071699110367	0.0159358900973097	0.0197776477472206	0.0194597010361415	0.00363591653200309
2015	0.0272164147551296	0.451428571428572	0.0272174755571215	0.016531196336577	0.0188414277355178	0.0213955567055171	0.004356073912738
2015	0.0243031325947289	0.4	0.0192460142693561	0.012180881511162	0.0131655939145699	0.0268808731344161	0.00925665706456826
2015	0.0367004802189001	0.4	0.0245750022020611	0.0261476817401259	0.0346986541837332	0.0252155197760711	0.00309140729291084
2015	0.0280792275247586	0.382857142857143	0.0192019730467718	0.015684029765312	0.0122878876535986	0.0186481941030496	0.00302114803625378
2015	0.142592700810219	0.422857142857143	0.0973311019113891	0.0735661133371494	0.0768285547103569	0.109202959060063	0.023361202838474
2015	0.0318484474526398	0.451428571428572	0.0166475821368801	0.0224384659416142	0.020947922761849	0.0226633892763475	0.00818520340054802
2015	0.258494924529664	0.371428571428571	0.131815379194926	0.111276473955352	0.120947922761849	0.178879649993531	0.0228166935993817
2015	0.0173903179344744	0.48	0.0122875011010306	0.0140354894104179	0.0158572264482153	0.014124925023816	0.0011944073631701
2015	0.286412589503934	0.508571428571428	0.209812384391791	0.205334859759588	0.192627267407841	0.243108659602244	0.153024660999087
2015	0.0226617258317893	0.348571428571429	0.01299216066238	0.0169433314253005	0.0222937390286717	0.0145153892293036	0.00349539801868896
2015	0.0654448642015201	0.44	0.0561525587950321	0.0375729822552948	0.032182562902282	0.071906570853964	0.0273659804679267
2015	0.113614566754552	0.302857142857143	0.123051175900643	0.0481740125930166	0.0387361029842013	0.0692227174897386	0.0654289327618914
2015	0.0103210969753428	0.371428571428571	0.0113626354267594	0.00911276473955352	0.0136337039204213	0.00739294577016712	0.00110658329234877
2015	0.00675125210976628	0.571428571428572	0.00731084294900026	0.0064338866628506	0.0085430076067876	0.00649205546473473	0.00054450923909225
2015	0.0201540687981465	0.457142857142857	0.0171320355853078	0.0158443045220378	0.0191925102399064	0.0170016582967763	0.00330218506288203
2015	0.00886015901879969	0.497142857142857	0.00651810094248216	0.00702919290211792	0.00895260386190755	0.0083808672539311	0.00144031476146982
2015	0.167861771206804	0.32	0.161190874658681	0.0475558099599313	0.0368636629607958	0.109673397861856	0.0950256446286798
2015	0.0470490772028366	0.468571428571429	0.0383599048709592	0.0446708643388666	0.0522527794031597	0.0346195914239006	0.0153692123937329
2015	0.00235468823584007	0.24	0.00356733902933145	0.00114481969089868	0.00280866003510825	0.001973490773519	0.000210777769971194
2015	0.051244547263921	0.457142857142857	0.0343081123932	0.0356038923869491	0.0321240491515506	0.0424735672198243	0.0117332958617298
2015	0	0	0	0	0	0	0
2015	0.00315906348720734	0.291428571428571	0.00290672069056637	0.00194619347452776	0.00181392627267408	0.00284145036282593	0
2015	0.0208604752688985	0.497142857142857	0.01065797586541	0.013005151688609	0.0161497952018724	0.0180201583026568	0.00372374060282442
2015	0.0119315662286144	0.308571428571429	0.0067823482779882	0.00854035489410418	0.0098888238736103	0.00911004739670928	0.00105388884985597
2015	0.00883437776074305	0.474285714285714	0.00691447194574121	0.0145392100744133	0.0268578115857226	0.00908182106860174	0.000983629593198904
2015	0.0148946921545913	0.394285714285714	0.0136527790011451	0.012157985117344	0.0105324751316559	0.0108106836651887	0.00110658329234877
2015	0.00829640884262776	0.571428571428572	0.00506474059719898	0.00723526044647968	0.00667056758338209	0.00840203700001176	0.00158083327478395
2015	0.00337046980327181	0.331428571428571	0.00876420329428345	0.00151116199198626	0.00304271503803394	0.00443623790090207	0.00054450923909225
2015	0.036119542537357	0.468571428571429	0.0259402801021756	0.0267429879793932	0.0319485078993563	0.0298375810036812	0.0056558701608937
2015	0.0175209429752947	0.457142857142857	0.0130362018849643	0.0204235832856325	0.0291983616149795	0.0141578557399414	0.00755287009063444
2015	0.0202331313228535	0.394285714285714	0.0148418920109222	0.0114939896966228	0.0148039789350497	0.0138473661307585	0.00221316658469753
2015	0.00362140738168981	0.451428571428572	0.00308288558090373	0.0039152833428735	0.00315974253949678	0.00292848154115751	0.00122953699149863
2015	0.00678390836997137	0.508571428571428	0.0031709680260724	0.00531196336576989	0.00538326506729081	0.00604749079704094	0.000702592566570646
2015	0.0291775091179716	0.405714285714286	0.0178366951466573	0.0106010303377218	0.0141018139262727	0.0385524598068849	0.0160191105178107
2015	0.138775355867299	0.611428571428571	0.145776446754162	0.156061820263309	0.157811585722645	0.152229291871994	0.0731398861800042
2015	0.199411156065986	0.628571428571428	0.174227076543645	0.165266170578134	0.161556465769456	0.214390722946829	0.0973968945408558
2015	0.00816406505127033	0.497142857142857	0.00854399718136175	0.0123182598740698	0.00596840257460503	0.0074188199042657	0.00349539801868896
2015	0.0108796908999034	0.434285714285714	0.00634193605214481	0.0110131654264453	0.0100643651258046	0.00974749197313794	0.00953769409119651
2015	0.00292187591308622	0.342857142857143	0.00295076191315071	0.00405266170578134	0.00620245757753072	0.00264386606607313	0.00112414810651303
2015	0.00247156327236352	0.382857142857143	0.00325905047124108	0.00329708070978821	0.00122878876535986	0.00276147576652122	0.000702592566570646
2015	0.0270514147035671	0.657142857142857	0.0194221791596935	0.0358557527189468	0.0290228203627853	0.027381890458325	0.0118035551183868
2015	0.00556187673808648	0.44	0.00682638950057254	0.00698340011448197	0.00930368636629608	0.00516071365566232	0.00122953699149863
2015	0.030564540801419	0.297142857142857	0.0136527790011451	0.0244304522037779	0.0391456992393212	0.0244298869770779	0.00686784233822806
2015	0.00933109666596771	0.428571428571429	0.0091605742975425	0.00842587292501431	0.0139262726740784	0.0069130981923389	0.000193212955806928
2015	0.0157489111715347	0.605714285714286	0.0166035409142958	0.0154550658271322	0.0174956114686951	0.0146706340338951	0.00655167568327127
2015	0.00289265715395536	0.302857142857143	0.00184973134854224	0.00439610761305094	0.00725570509069631	0.0032624930904301	0.00054450923909225
2015	0.00611187690996153	0.485714285714286	0.00224610235180129	0.0047853463079565	0.0050906963136337	0.00517012243169817	0.00180917585891941
2015	0.673026616570818	0.668571428571429	0.668677882498018	0.523365769891242	0.279637214745465	0.725035576934386	0.495977657556383
2015	0.0132189103809095	0.582857142857143	0.0146657271205849	0.00975386376645678	0.00760678759508484	0.0145318545873664	0.0105740181268882
2015	0.00754531485791089	0.508571428571428	0.00444816348101823	0.00430452203777905	0.0032182562902282	0.00915003469486163	0.00479519426684466
2015	0.0392201685063027	0.662857142857143	0.0344402360609531	0.0466628506010303	0.0376828554710357	0.04058005104261	0.0183552308016581
2015	0.00944453420141694	0.445714285714286	0.00594556504888576	0.004350314825415	0.00280866003510825	0.00703541228080492	0.00121197217733436
2015	0.0156664111457535	0.468571428571429	0.015590592794856	0.0111047510017172	0.00871854885898186	0.0145694896915098	0.0044614627977236
2015	0.0385223557882362	0.388571428571429	0.031313309257465	0.0303606182026331	0.0354593329432417	0.0284756606724923	0.00491814796599452
2015	0.00460109518784225	0.417142857142857	0.00431603981326522	0.00400686891814539	0.00842598010532475	0.00562644806943677	0.000245907398299726
2015	0.0492920466537646	0.594285714285714	0.0432044393552365	0.0437550085861477	0.0331772966647162	0.0472202947299093	0.0226234806435748
2015	0.0159912549972672	0.445714285714286	0.0166035409142958	0.0086090440755581	0.00368636629607958	0.0200736236724805	0.0163528419869318
2015	0.00375546992358435	0.291428571428571	0.00184973134854224	0.00169433314253005	0.00280866003510825	0.00339892034294989	0.000509379610763718
2015	0.011092815966505	0.365714285714286	0.0136087377785607	0.0108986834573555	0.0159157401989468	0.0077151963493949	0.00138762031897703
2015	0.0232100072531273	0.508571428571428	0.0160310050206994	0.0247738981110475	0.0170860152135752	0.0198054735554589	0.0145612309421766
2015	0.0126706289595716	0.468571428571429	0.00546111160045803	0.0117000572409845	0.0180807489760094	0.0106389735025345	0.0034778332045247
2015	0.0103451594828623	0.32	0.00819166740068704	0.00796794504865484	0.0125804564072557	0.00630152775000882	0.0012471018056629
2015	0.010888284652589	0.548571428571429	0.0065621421650665	0.0144018317115054	0.0101813926272674	0.0104296282357369	0.00439120354106654
2015	0.00465781395556686	0.28	0.00154144279045186	0.00446479679450487	0.0056173200702165	0.00520305314782363	0.00170378697393382
2015	0.0232443822638695	0.428571428571429	0.0176164890337356	0.0188437321121923	0.0222937390286717	0.0179707622284686	0.00335487950537483
2015	0.0896569030177822	0.474285714285714	0.072888223377081	0.0829078420148827	0.0886483323581042	0.0904277464805297	0.0584908311670063
2015	0.0630558009549378	0.554285714285714	0.0424997797938871	0.0332226674298798	0.0334698654183733	0.0641019911322286	0.0174594252792805
2015	0.0268692271466335	0.577142857142857	0.0209636219501453	0.0150200343445907	0.0167349327091867	0.0562715372763946	0.032670554345535
2015	0.212803660251144	0.491428571428571	0.185281423412314	0.154779622209502	0.117203042715038	0.192527079633528	0.0613363310616174
2015	0.0371920428725134	0.365714285714286	0.029111248128248	0.0245678305666857	0.0283791691047396	0.0247780116904042	0.00216047214220474
2015	0.000507031408447315	0.24	0.00132123667753017	0.00109902690326274	0.0013458162668227	0.000743293306831947	0.000140518513314129
2015	0.0136296917592787	0.485714285714286	0.0136968202237294	0.00906697195191757	0.00930368636629608	0.0122455220106554	0.00983629593198904
2015	0.0223317257286643	0.508571428571428	0.0124636659913679	0.0157527189467659	0.0191925102399064	0.0201959377609465	0.0066394997540926
2015	0.0467912646222702	0.462857142857143	0.0310050206993746	0.0290555237550086	0.0167934464599181	0.040083738106719	0.0282090915478114
2015	0.00364031363759801	0.445714285714286	0.00541707037787369	0.00364052661705781	0.00333528379169105	0.00325778870241218	0.00161596290311249
2015	0.0130676603336439	0.731428571428571	0.0166035409142958	0.0140354894104179	0.0167934464599181	0.0154327448927988	0.0101348977727816
2015	0.0090406278251962	0.56	0.0111424293138378	0.0094791070406411	0.0144528964306612	0.00910769520270032	0.00226586102719033
2015	0.00754187735683667	0.257142857142857	0.00325905047124108	0.00414424728105323	0.00315974253949678	0.00417984875392522	0.00200238881472634
2015	0.0148998484062026	0.48	0.0139170263366511	0.0179049799656554	0.0247513165593915	0.0116292471803074	0.00179161104475515
2015	0.00148156296298843	0.205714285714286	0.000792742006518101	0.00242701774470521	0.00105324751316559	0.0112364307808108	0.00149300920396262
2015	0.193627560508613	0.8	0.253016823747027	0.164144247281053	0.10122878876536	0.252065814388371	0.141502142907328
2015	0.0207161002237813	0.548571428571429	0.0163392935787897	0.0204464796794505	0.0279110590988882	0.0159031836945911	0.00583151830253636
2015	0.00642812700878969	0.457142857142857	0.00717871928124725	0.00815111619919863	0.010122878876536	0.00629211897397297	0.00147544438979836
2015	0.047698764905864	0.394285714285714	0.0595877741566106	0.0225529479107041	0.0208308952603862	0.0692203652957296	0.0152286938804187
2015	0.00726515852036204	0.514285714285714	0.00739892539416894	0.00306811677160847	0.0050906963136337	0.00649205546473473	0.000474249982435186
2015	0.0200354750110859	0.908571428571428	0.0321941337091518	0.0281396680022896	0.0232884727911059	0.0265633269432063	0.0132087402515281
2015	0.00873297147905359	0.331428571428571	0.0120232537655245	0.0112192329708071	0.0120538326506729	0.00744234184435532	0.0011944073631701
2015	0.00520781412744191	0.354285714285714	0.00149740156786752	0.000457927876359473	0.00193095377413692	0.00357298269961306	0.00137005550481276
2015	0.0201196937874043	0.417142857142857	0.0126838721042896	0.0194848311390956	0.0208308952603862	0.0146706340338951	0.00323192580622497
2015	0.00612906441533263	0.4	0.00215801990663261	0.00590726960503721	0.00608543007606788	0.00455855198936808	0.000491814796599452
2015	0.0591645497389218	0.457142857142857	0.0385360697612966	0.0258729250143102	0.019836161497952	0.0973690710009762	0.0210250825546266
2015	0.00956140923794039	0.371428571428571	0.00744296661675328	0.0102117916428163	0.00643651258045641	0.00635798040622391	0.00198482400056207
2015	0.0112114097535655	0.531428571428571	0.00493261692944596	0.00670864338866629	0.00860152135751902	0.0116621778964329	0.00363591653200309
2015	0.11738550543297	0.468571428571429	0.110103056460847	0.0958443045220378	0.111234640140433	0.12026767967822	0.094182533548795
2015	0.148274890085903	0.485714285714286	0.17722187967938	0.141110475100172	0.152311293153891	0.162061462829454	0.0849610061125553
2015	0.00768625240195388	0.331428571428571	0.00665022461023518	0.00778477389811105	0.00409596255119953	0.00474202312206711	0.00138762031897703
2015	0.00873984648120203	0.24	0.00660618338765084	0.0086090440755581	0.0109420713867759	0.00466440071977137	0.00216047214220474
2015	0.00173078179086931	0.302857142857143	0.00224610235180129	0.0039152833428735	0.00380339379754242	0.00207698730991332	0.000474249982435186
2015	0.00827234633510823	0.491428571428571	0.00964502774597023	0.0073039496279336	0.010122878876536	0.00784221482587884	0.00402234244361695
2015	0.0206834439635762	0.56	0.0067823482779882	0.0170578133943904	0.0162083089526039	0.0181989250473379	0.0090810089229256
2015	0.0147743796169936	0.48	0.0137408614463137	0.011287922152261	0.0131655939145699	0.0116621778964329	0.00240637954050446
2015	0.0120553162672863	0.36	0.00453624592618691	0.00989124212936462	0.0118197776477472	0.00825620097145613	0.00068502775240638
2015	0.0206714127098165	0.434285714285714	0.01532634545935	0.0211791642816256	0.0257460503218256	0.0149364319569078	0.00913370336541839
2015	0.0437043886576215	0.388571428571429	0.0240024663084647	0.0363365769891242	0.0503218256290228	0.0328389805591165	0.00530457387760837
2015	0.00664468957646549	0.52	0.00493261692944596	0.00386949055523755	0.00117027501462844	0.00763286955908123	0.00374130541698869
2015	0.0618423630757385	0.491428571428571	0.0618338765084119	0.059988551803091	0.0655939145699239	0.0586096181213026	0.0155272957212113
2015	0.0153896923092788	0.542857142857143	0.0144895622302475	0.0122953634802519	0.00807489760093622	0.0149152622108271	0.00581395348837209
2015	0.0114004723126476	0.462857142857143	0.0210957456178984	0.0124556382369777	0.0128145114101814	0.0197419643172169	0.00303871285041804
2015	0.0177478180461931	0.771428571428571	0.0172201180304765	0.023514596451059	0.0193095377413692	0.0220447622519905	0.0188646104124218
2015	0.233781010556566	0.851428571428571	0.346031885845151	0.300492272467086	0.210064365125805	0.305938113775624	0.215854001264667
2015	0.0237926636852074	0.354285714285714	0.0190258081564344	0.0204464796794505	0.0320070216500878	0.0155527067872558	0.002178036956369
2015	0.00807984627495196	0.508571428571428	0.00281863824539769	0.00517458500286205	0.00842598010532475	0.0230115139896739	0.00186187030141221
2015	0.00429172009116253	0.331428571428571	0.00312692680348806	0.0016485403548941	0.00198946752486834	0.00312136144989239	0.00158083327478395
2015	0.00360765737739293	0.451428571428572	0.00563727649079538	0.00313680595306239	0.00315974253949678	0.00413280487374599	0.000948499964870372
2015	0.0642606450814516	0.411428571428571	0.0492821280718753	0.044327418431597	0.0517846693973084	0.0520258270902184	0.0145085364996838
2015	0.0146832858385268	0.405714285714286	0.0123755835461992	0.0131196336576989	0.00737273259215916	0.00895245039810884	0.0056031757184009
2015	0.0495842342450732	0.508571428571428	0.0374790804192724	0.0359015455065827	0.0373317729666472	0.0434426711515166	0.011944073631701
2015	0.0176498492655779	0.474285714285714	0.00880824451686779	0.0146765884373211	0.017612638970158	0.0127394827525374	0.00282793508044685
2015	0.0159310987284684	0.348571428571429	0.012727913326874	0.00929593589009731	0.0103569338794617	0.0163524527503028	0.00317923136373217
2015	0.0147864108707534	0.377142857142857	0.00444816348101823	0.0106010303377218	0.0175541252194266	0.00967457395886013	0.000948499964870372
2015	0.0280500087656277	0.451428571428572	0.0296837840218444	0.0152947910704064	0.0186658864833236	0.0214731791078128	0.00779877748893417
2015	0.0206576627055196	0.428571428571429	0.0186294371531754	0.0230337721808815	0.0311878291398479	0.0148541051665941	0.00135249069064849
2015	0.010150940672169	0.485714285714286	0.00907249185237382	0.00819690898683457	0.0139262726740784	0.00993096310583697	0.00068502775240638
2015	0.0722683038338449	0.737142857142857	0.0851757244781115	0.0879908414424728	0.0871269748390872	0.0810777752949063	0.0468453593760978
2015	0.0732686166464427	0.8	0.0768959746322558	0.07649685174585	0.0758923346986542	0.0973431968668776	0.0697147474179723
2015	0.0165189114121598	0.302857142857143	0.0106139346428257	0.00684602175157413	0.00754827384435342	0.0124972067696144	0.00230099065551886
2015	0.0519303287282277	0.611428571428571	0.0531137144367128	0.0592100744132799	0.0709186658864833	0.057355898714526	0.0239057120775662
2015	0.00325187601621125	0.502857142857143	0.00295076191315071	0.00739553520320549	0.0104154476301931	0.00326484528443906	0.0000526944424927984
2015	0.00407859502456095	0.228571428571429	0.00202589623887959	0.00341156267887808	0.00362785254534816	0.00551589495101556	0.000632333309913581
2015	0.0293150091609404	0.4	0.0244428785343081	0.0283228391528334	0.0425980105324751	0.0205746409963894	0.00282793508044685
2015	0.284394776373368	0.542857142857143	0.296661675328107	0.243434459072696	0.237331772966647	0.281752854975478	0.204840862783672
2015	0.0233543822982445	0.537142857142857	0.021183828063067	0.0254607899255867	0.0182562902282036	0.0216989897326731	0.00816763858638376
2015	0.0376354805110877	0.382857142857143	0.0260724037699287	0.026994848311391	0.0302516091281451	0.0275630093970151	0.00288062952293965
2015	0.0141882856838393	0.365714285714286	0.0162071699110367	0.0116084716657127	0.00965476887068461	0.0105001940560057	0.00477762945268039
2015	0.0106012533128917	0.474285714285714	0.00585748260371708	0.0128677733257012	0.0118197776477472	0.00824444000141132	0.00110658329234877
2015	0.0064659395206061	0.394285714285714	0.0049766581520303	0.00206067544361763	0.00210649502633119	0.0169663753866419	0.00414529614276681
2015	0.016898755280861	0.451428571428572	0.0196423852726152	0.0129135661133372	0.0132241076653013	0.016279534736025	0.0121724162158364
2015	0.024884070276272	0.445714285714286	0.0140491500044041	0.0242701774470521	0.0443534230544178	0.02084514330742	0.00272254619546125
2015	0.0190557872049335	0.434285714285714	0.0081476261781027	0.0135088723526045	0.0175541252194266	0.0131417079280699	0.00105388884985597
2015	0.0399111062222207	0.6	0.033911741389941	0.0265598168288495	0.0324751316559391	0.0436849471344396	0.0375184430548725
2015	0.00904922157788174	0.571428571428572	0.00387562758742183	0.00778477389811105	0.0061439438267993	0.00949815940818799	0.000474249982435186
2015	0.0691195528498603	0.542857142857143	0.0572095481370563	0.0551116199198626	0.0511410181392627	0.06407611699813	0.029368369282653
2015	0.0150751609609878	0.468571428571429	0.00982119263630758	0.0154092730394963	0.0242832065535401	0.0115092852858504	0.000807981451556243
2015	0.0083032838447762	0.474285714285714	0.00695851316832555	0.00629650829994276	0.0146869514335869	0.00620979218365931	0.0010363240356917
2015	0.0159053174704117	0.331428571428571	0.0111424293138378	0.0124556382369777	0.00912814511410181	0.012454867277453	0.00244150916883299
2015	0.0673698648030828	0.365714285714286	0.0465515722716463	0.0383972524327418	0.0419543592744295	0.0582520846319404	0.00959038853368931
2015	0.00397718874287148	0.434285714285714	0.00330309169382542	0.00183171150543789	0.00304271503803394	0.00372352311618662	0
2015	0.00461312644160201	0.537142857142857	0.00788337884259667	0.00542644533485976	0.00731421884142774	0.00465499194373552	0.00022834258413546
2015	0.00326218851943391	0.668571428571429	0.0041839161455122	0.00249570692615913	0.00491515506143944	0.00357768708763099	0.00100119440736317
2015	0.0290348528233915	0.451428571428572	0.0269972694441998	0.0284602175157413	0.0377413692217671	0.0210074446940384	0.00200238881472634
2015	0.00338250105703158	0.411428571428571	0.00167356645820488	0	0.000702165008777063	0.00505016053724111	0.000632333309913581
2015	0.00584203307563534	0.64	0.00374350391966881	0.00595306239267315	0.00503218256290228	0.00548766862290802	0.000579638867420783
2015	0.0250301640719263	0.342857142857143	0.0140491500044041	0.0176531196336577	0.0235225277940316	0.016343043974267	0.00266985175296845
2015	0.0161871925584977	0.325714285714286	0.00480049326169294	0.0105323411562679	0.0148039789350497	0.0112811224669811	0.000403990725778121
2015	0.0208278190086934	0.365714285714286	0.0155025103496873	0.0118145392100744	0.0156816851960211	0.0149764192550602	0.00158083327478395
2015	0.0075281273525398	0.577142857142857	0.00387562758742183	0.00364052661705781	0.00520772381509655	0.00641208086843003	0.00252933323965432
2015	0.0459353268547896	0.457142857142857	0.0339557826125253	0.0407555809959931	0.0431831480397893	0.034412598351112	0.0057085646033865
2015	0.0177753180547869	0.537142857142857	0.0130362018849643	0.0221637092157985	0.0414277355178467	0.0137720959224717	0.00101875922152744
2015	0.0336101667531771	0.554285714285714	0.0294635779089228	0.0355123068116772	0.0330602691632534	0.0340856433838663	0.012541277313286
2015	0.140033481260463	0.342857142857143	0.0755747379547256	0.0888151116199199	0.135985956699824	0.0926740917590883	0.0135424717206492
2015	0.00988281558837987	0.457142857142857	0.00669426583281952	0.00828849456210647	0.0151550614394383	0.00708951274301104	0.00161596290311249
2015	0.0124059413768567	0.577142857142857	0.00554919404562671	0.00961648540354894	0.0148039789350497	0.0100156420901596	0.000509379610763718
2015	0.0228026633758323	0.468571428571429	0.0143133973399102	0.0291700057240985	0.0441778818022235	0.0160654850812095	0.0020726480713834
2015	0.0373054804079626	0.451428571428572	0.028979124460495	0.0176531196336577	0.0284961966062025	0.0304914909381726	0.00525187943511558
2015	0.0219879756212424	0.388571428571429	0.00942482163304853	0.00945621064682313	0.00977179637214745	0.0161242899314335	0.00112414810651303
2015	0.0172940679043962	0.434285714285714	0.00951290407821721	0.0215912993703492	0.02469280280866	0.0132687264045538	0.00168622215976955
2015	0.0127256289767591	0.405714285714286	0.00704659561349423	0.01909559244419	0.0345816266822703	0.00732473214390723	0
2015	0.042410169503178	0.405714285714286	0.029111248128248	0.0414195764167144	0.0657694558221182	0.0313382807813989	0.00409260170027401
2015	0.018027974383742	0.411428571428571	0.0193781379371091	0.0128906697195192	0.0176711527208894	0.0135321721335576	0.00240637954050446
2015	0.0173043804076189	0.4	0.00731084294900026	0.0145621064682313	0.0276770040959626	0.0123466663530408	0.000562074053256517
2015	0.0623201757250549	0.502857142857143	0.0506033647494054	0.0394733829421866	0.0517846693973084	0.0864948780975455	0.012541277313286
2015	0.00867281521025475	0.354285714285714	0.00713467805866291	0.00277046365197481	0.00526623756582797	0.0060498429910499	0.0000351296283285323
2015	0.0112956285298839	0.388571428571429	0.0065621421650665	0.00439610761305094	0.00444704505558806	0.00756936032083926	0.00107145366402023
2015	0.0172064116270036	0.405714285714286	0.00823570862327138	0.0180652547223812	0.0192510239906378	0.0120150069977772	0.000755287009063444
2015	0.0303050094703155	0.32	0.0136968202237294	0.0140354894104179	0.0142773551784669	0.0238371340868195	0.00277524063795405
2015	0.00398578249555703	0.382857142857143	0.00449220470360257	0.00183171150543789	0.00286717378583967	0.00307431756971315	0.0012471018056629
2015	0.0036385948870609	0.428571428571429	0.00198185501629525	0.00309101316542645	0.00222352252779403	0.00346948616321874	0.0000878240708213307
2015	0.00508922034038136	0.32	0.00303884435831939	0.00320549513451631	0.00520772381509655	0.00334952426876169	0.00022834258413546
2015	0.0201025062820332	0.48	0.0128159957720426	0.013875214653692	0.0226448215330603	0.0143813141707928	0.00437363872690227
2015	0.0359751674922398	0.525714285714286	0.0342200299480314	0.0247967945048655	0.0377998829724985	0.0297011537511614	0.0021253425138762
2015	0.0524184538807668	0.411428571428571	0.0274376816700432	0.0396107613050945	0.0679344645991808	0.0385195290907594	0.00757043490479871
2015	0.0185401620438006	0.382857142857143	0.0110983880912534	0.00867773325701202	0.011644236395553	0.0131417079280699	0.00412773132860254
2015	0.00544156420048881	0.502857142857143	0.00590152382630142	0.00409845449341729	0.0050906963136337	0.00478436261422842	0.000175648141642661
2015	0.00875875273711023	0.457142857142857	0.00312692680348806	0.00588437321121923	0.00719719133996489	0.00692721135639267	0.000667462938242113
2015	0.00826375258242268	0.308571428571429	0.00559323526821105	0.00725815684029765	0.0118782913984786	0.00590165476848531	0.000966064779034638
2015	0.0102368781990244	0.44	0.010393728529904	0.0105323411562679	0.0169104739613809	0.00793630258623731	0.00126466661982716
2015	0.00383968869990272	0.331428571428571	0.00233418479696996	0.00318259874069834	0.00438853130485664	0.00277323673656603	0.000210777769971194
2015	0.0048812515253911	0.457142857142857	0.0015854840130362	0.00416714367487121	0.0042715038033938	0.00420807508203277	0.0000175648141642661
2015	0.0142948482171401	0.508571428571428	0.0126838721042896	0.00934172867773326	0.0113516676418958	0.013508650193468	0.00137005550481276
2015	0.0273539147980984	0.451428571428572	0.0164273760239584	0.021774470520893	0.0301345816266823	0.0224234654874334	0.00263472212463992
2015	0.00534703292094779	0.342857142857143	0.00334713291640976	0.0077389811104751	0.0138092451726156	0.00360120902772061	0.000403990725778121
2015	0.00988109683784276	0.445714285714286	0.0091605742975425	0.00675443617630223	0.0119953188999415	0.00700483375868842	0.000737722194899178
2015	0.00284281338837918	0.411428571428571	0.00321500924865674	0.000915855752718947	0.00128730251609128	0.00262504851400143	0.000210777769971194
2015	0.0608712690222716	0.394285714285714	0.0532017968818814	0.0419232970807098	0.0575190169689877	0.0444893974855046	0.0056558701608937
2015	0.0144770357740737	0.457142857142857	0.0128159957720426	0.0105552375500859	0.0236395552954944	0.0106624954426241	0.000386425911613855
