2016	0.0109140659106456	-0.00132943635294886	-0.000957344049170015	-0.000807812752441485	-0.00100546906420908	0.00722734600854563	-0.0012065628770509
2016	0.011909222471632	-0.00132924729038978	-0.000953906548095796	-0.000623906444970764	-0.00100546906420908	0.0063043769701178	-0.000768281490087966
2016	0.013368441677638	-0.00132938479043275	-0.000794062748144609	-0.000381562619238319	-0.000874844023388757	0.00719984599995187	-0.00127531289853528
2016	0.00425562632988323	-0.0013294707279596	-0.00119109412221691	-0.00097625030507822	-0.00114296910717785	0.00191468809834003	-0.00121515662973645
2016	0.0274828210883816	-0.00132938479043275	-0.000505312657910206	0.000252656328955103	-0.000429687634277386	0.0159053174704117	-0.00107421908569346
2016	0.00631468947334046	-0.00132910979034681	-0.0011532816104005	-0.00097796905561533	-0.00113953160610363	0.0035835948698734	-0.00125468789208997
2016	0.0175346929795916	-0.00132957385299183	-0.000854219016943443	0.00000859375268554771	-0.00052765641489263	0.00901312781660244	-0.00119796912436535
2016	0.0771254928517165	-0.0013290582278307	0.00150906297158218	0.00321921975600617	0.000689218965380927	0.0575248617265193	-0.0000171875053710954
2016	0.012490160153175	-0.00132952229047572	-0.000780312743847732	-0.000706406470752022	-0.000926406539502044	0.00613422066694396	-0.00128046915014661
2016	0.0319859474956086	-0.00132962541550794	-0.000350625109570347	0.0013320316662599	0.00018734380854494	0.0169967240614763	-0.00105187532871104
2016	0.017369692928029	-0.00132950510297034	-0.000929844040576263	-0.0000687500214843817	-0.000623906444970764	0.0115826598695812	-0.000957344049170015
2016	0.00453062641582075	-0.00132953947798109	-0.00112234410073253	-0.000849062765332114	-0.00118593787060558	0.00180296931342791	-0.00132515666411146
2016	0.00778250243203201	-0.00132948791546497	-0.00103296907280284	-0.000498437655761767	-0.000770000240625075	0.00319343849794953	-0.00128390665122083
2016	0.0112870347771984	-0.00132914416535755	-0.000770000240625075	-0.000458906393408248	-0.000953906548095796	0.00627172070991272	-0.00124093788779309
2016	0.0477073586585496	-0.00132909260284144	0.000453750141796919	0.00233406322939476	0.000462343894482467	0.0299818843693389	-0.000830156509423909
2016	0.00752297110092847	-0.00132953947798109	-0.00104671907709971	-0.000845625264257895	-0.00104671907709971	0.00318312599472687	-0.00132515666411146
2016	0.00781343994169998	-0.00132967697802406	-0.000974531554541111	-0.000821562756738362	-0.00102265656958018	0.00322953225922883	-0.0013320316662599
2016	0.0244509451409204	-0.00132976291555091	-0.000795781498681718	-0.00000515625161132863	-0.000402187625683633	0.0207642252388204	-0.0010810940878419
2016	0.0604622063944395	-0.00132952229047572	0.000651406453564517	0.00143343794794936	-0.000146093795654311	0.0389468871709022	-0.000398750124609414
2016	0.00225500070468772	-0.00132972854054017	-0.00121343787919934	-0.00105531282978526	-0.00119109412221691	0.000453750141796919	-0.00132000041250013
2016	0.00559281424775445	-0.00132929885290589	-0.00101406281689463	-0.000744218982568432	-0.00105531282978526	0.00269500084218776	-0.00131140665981458
2016	0.0169657865518083	-0.00132945354045423	-0.00086625027070321	-0.0000240625075195336	-0.000319687599902375	0.00989656559267675	-0.00122375038242199
2016	0.00968687802714938	-0.0013295910404972	-0.000991719059912206	-0.000766562739550856	-0.000952187797558687	0.00429343884169964	-0.00122890663403332
2016	0.0422915757161174	-0.00132917854036829	0.00113265660395519	0.00112921910288097	0.000197656311767597	0.0309168846615265	0.000728750227734446
2016	0.0230432884510276	-0.0013294707279596	-0.000723593976123118	0.000462343894482467	-0.000257812580566431	0.0123028163446301	-0.000928125290039153
2016	0.0118645349576672	-0.00132940197793812	-0.000761406487939527	-0.000230312571972679	-0.000770000240625075	0.00591250184765683	-0.00123234413510754
2016	0.00530578290805716	-0.00132929885290589	-0.00112062535019542	-0.000823281507275471	-0.0010260940706544	0.0023770319928225	-0.00130625040820325
2016	0.0050617203317876	-0.0013295910404972	-0.00120140662543957	-0.000840469012646566	-0.00102093781904307	0.00179953181235369	-0.00129937540605481
2016	0.00342890732153354	-0.00132960822800257	-0.00116875036523449	-0.000910937784668058	-0.00109656284267589	0.00104328157602549	-0.00133375041679701
2016	0.0661822081819401	-0.00132955666548646	0.00060328143852545	0.00257812580566431	0.000635937698730531	0.041452825454008	-0.000367812614941442
2016	0.00676500211406316	-0.00132948791546497	-0.00116703161469738	-0.000795781498681718	-0.00103125032226573	0.0025214070379397	-0.00129937540605481
2016	0.00317625099257844	-0.00132941916544349	-0.0011171878491212	-0.000876562773925867	-0.000984844057763768	0.0010810940878419	-0.00133375041679701
2016	0.00832906510283284	-0.00132938479043275	-0.00100546906420908	-0.000285312589160184	-0.000685781464306708	0.00365062614082067	-0.00130968790927747
2016	0.215983348744796	-0.00132969416552943	0.00537625168007865	0.00536422042631888	0.00233406322939476	0.156426923883414	0.00382937619668006
2016	0.00851469016084068	-0.00132940197793812	-0.000965937801855563	-0.000806094001904376	-0.00105703158032237	0.00442234513198285	-0.00132859416518568
2016	0.0248479765149927	-0.00132953947798109	-0.000598125186914121	0.000716718973974679	-0.000118593787060558	0.0125228164133801	-0.00119796912436535
2016	0.034722198350687	-0.00132979729056165	-0.000541406419189506	0.000385000120312538	-0.000446875139648481	0.0183167244739764	-0.000768281490087966
2016	0.00315390723559601	-0.00132988322808851	-0.00118250036953137	-0.00107593783623057	-0.0012065628770509	0.000818125255664142	-0.00132000041250013
2016	0.00375718867412146	-0.00132885197776624	-0.00104156282548838	-0.000689218965380927	-0.000897187780371181	0.00202468813271504	-0.00126671914584973
2016	0.0102368781990244	-0.00132943635294886	-0.00097796905561533	-0.00011343753544923	-0.000541406419189506	0.00505312657910206	-0.00117562536738293
2016	0.0129782853057142	-0.00132873166522865	-0.000649687703027407	0.000773437741699294	-0.000519062662207082	0.00960953425297945	-0.00128218790068372
2016	0.023189382246682	-0.00132931604041126	-0.000661718956787174	0.00022687507089846	-0.000613593941748107	0.014246723202101	-0.000907500283593839
2016	0.0154000048125015	-0.00132919572787367	-0.000580937681543025	0.0000756250236328199	-0.000507031408447315	0.00892203403813564	-0.00110515659536144
2016	0.006448752015235	-0.00132957385299183	-0.00113609410502941	-0.00121000037812512	-0.00129937540605481	0.00266750083359401	-0.00125640664262708
2016	0.0232254760079613	-0.00132943635294886	-0.000783750244921952	0.00123062538457043	0.000170156303173845	0.0124884414026379	-0.00124609413940442
2016	0.00425906383095745	-0.00132921291537904	-0.00119625037382824	-0.000855937767480552	-0.00112578160180675	0.00227734446167014	-0.00127359414799817
2016	0.0681415837942449	-0.00132929885290589	0.000861094019091881	0.00331890728715853	0.0008645315201661	0.0495240779762744	0.00549828296821343
2016	0.018309849471828	-0.00132964260301331	-0.000852500266406333	0.000462343894482467	-0.000216562567675802	0.00916609661440519	-0.00124437538886731
2016	0.0109295346654796	-0.001329350415422	-0.000984844057763768	-0.000434843885888714	-0.000718437724511789	0.00537968918115287	-0.00103296907280284
2016	0.0113626598008312	-0.00132950510297034	-0.000656562705175845	-0.000757968986865308	-0.00107421908569346	0.00556359548862359	-0.00121000037812512
2016	0.0311746972420929	-0.00132964260301331	-0.000259531331103541	0.0008645315201661	-0.000041250012890629	0.0173198491624529	-0.000953906548095796
2016	0.00897187780371181	-0.00132931604041126	-0.000993437810449316	-0.000379843868701209	-0.000962500300781344	0.00474718898349656	-0.00130968790927747
2016	0.00185625058007831	-0.00132957385299183	-0.00118765662114269	-0.00111890659965831	-0.00125125039101575	0.000434843885888714	-0.00128906290283216
2016	0.0302809469627959	-0.00132950510297034	-0.000378125118164099	0.000455468892334029	-0.000395312623535195	0.0156698486468277	-0.0010450003265626
2016	0.00819844006201252	-0.00132964260301331	-0.00108453158891612	-0.0000962500300781344	-0.000378125118164099	0.00367296989780309	-0.00130968790927747
2016	0.532089072527835	-0.00132962541550794	0.0162525050789078	0.0243650076140649	0.0111650034890636	0.319103224719758	0.00810219003193438
2016	0.0302929782165557	-0.00132916135286292	0.0000378125118164099	0.000330000103125032	-0.000495000154687548	0.0223282882275901	-0.000634218948193421
2016	0.0138256293205092	-0.00132931604041126	-0.00093843779326181	-0.000445156389111372	-0.000804375251367266	0.00735797104936595	-0.00101234406635752
2016	0.106510970784678	-0.00132933322791663	0.00302328219477569	0.0049173452866704	0.00174109429409197	0.0689459590456122	-0.0000532812666503958
2016	0.00908875284023526	-0.00132943635294886	-0.0009006252814454	-0.000589531434228573	-0.000818125255664142	0.00474031398134812	-0.00131312541035169
2016	0.019863599957375	-0.00132941916544349	-0.000773437741699294	-0.0000773437741699294	-0.000568906427783259	0.0118817224630383	-0.00120312537597668
2016	0.00809359627924884	-0.00132940197793812	-0.00101921906850596	-0.000967656552392673	-0.00111890659965831	0.00396687623964882	-0.00102265656958018
2016	0.0382473557022987	-0.00132933322791663	-0.000122031288134778	0.001710156784424	0.00029906259345706	0.0216356317611349	-0.000625625195507874
2016	0.00922281538212981	-0.00132933322791663	-0.00109140659106456	-0.000548281421337944	-0.000981406556689549	0.00464062645019577	-0.00126843789638684
2016	0.00351484484838902	-0.00132998635312074	-0.00120312537597668	-0.000936719042724701	-0.00103125032226573	0.00117390661684582	-0.00133375041679701
2016	0.00566843927138727	-0.00132926447789515	-0.00111890659965831	-0.000881719025537196	-0.0010810940878419	0.00249390702934595	-0.00122031288134778
2016	0.0158829737134293	-0.00132978010305628	-0.000854219016943443	0.0000910937784668058	-0.000390156371923866	0.00706406470752022	-0.00121171912866223
2016	0.00800078375024492	-0.0013294707279596	-0.00108281283837901	-0.000802656500830157	-0.00103812532441416	0.0038551574547367	-0.00129421915444349
2016	0.0153742235544449	-0.0013294707279596	-0.000733906479345775	0.000512187660058644	-0.000142656294580092	0.00769656490517653	-0.00111890659965831
2016	0.00533500166718802	-0.00132962541550794	-0.00125640664262708	-0.000642812700878969	-0.000883437776074305	0.00194046935639667	-0.00132515666411146
2016	0.0170259428206071	-0.00132948791546497	-0.000883437776074305	-0.000476093898779343	-0.000757968986865308	0.00897359655424892	-0.00121000037812512
2016	0.00438281386962933	-0.00133015822817445	-0.00128390665122083	-0.00119109412221691	-0.00127359414799817	0.000673750210546941	-0.00130453165766614
2016	0.0543692357403862	-0.00132945354045423	0.000550000171875054	0.00169468802959001	0.000190781309619159	0.0470611084565964	-0.000345468857959018
2016	0.00730640853325267	-0.00132938479043275	-0.00110171909428722	-0.000598125186914121	-0.000771718991162185	0.0038190636934574	-0.00132687541464857
2016	0.0114503160782238	-0.0013294707279596	-0.000878281524462976	-0.000152968797802749	-0.000689218965380927	0.00657250205390689	-0.00128562540175794
2016	0.0207625064882833	-0.00132965979051868	-0.00094015654379892	-0.0004503126407227	-0.000845625264257895	0.00964219051318453	-0.00110343784482433
2016	0.00604828314008848	-0.00132936760292738	-0.00112406285126964	-0.000240625075195336	-0.000440000137500043	0.00290640715825224	-0.00119625037382824
2016	0.0103606282376963	-0.0013294707279596	-0.000988281558837987	-0.00100375031367197	-0.00110343784482433	0.00524906414033254	-0.0011704691157716
2016	0.0467053270954147	-0.00132981447806702	0.0000429687634277386	0.00107078158461925	-0.000101406281689463	0.0246314139473169	-0.000797500249218828
2016	0.00941187794121186	-0.00132938479043275	-0.0011704691157716	-0.000378125118164099	-0.000529375165429739	0.00543297044780326	-0.00119968787490246
2016	0.00511328284790089	-0.00132943635294886	-0.00109312534160167	-0.000857656518017662	-0.00108281283837901	0.00226015695629905	-0.00124953164047864
2016	0.0169382865432145	-0.00132914416535755	-0.000520781412744191	0.000316250098828156	-0.00060328143852545	0.0113196910374034	-0.0000464062645019577
2016	0.00299921968725615	-0.00132948791546497	-0.00122031288134778	-0.000964219051318453	-0.00114125035664074	0.000981406556689549	-0.00133375041679701
2016	0.0138135980667494	-0.00132960822800257	-0.00105187532871104	-0.000347187608496128	-0.000955625298632906	0.00701765844301826	-0.000912656535205167
2016	0.00540718918974662	-0.00132943635294886	-0.000993437810449316	-0.000947031545947358	-0.00111890659965831	0.00239765699926781	-0.00120484412651379
2016	0.00626484570776428	-0.00132964260301331	-0.00117562536738293	-0.00101750031796885	-0.00106734408354503	0.00257296955405299	-0.00122031288134778
2016	0.0162181300681656	-0.00132921291537904	-0.000766562739550856	0.0000223437569824241	-0.000582656432080135	0.00961984675620211	-0.00116875036523449
2016	0.00716718973974679	-0.00132969416552943	-0.00108796908999034	-0.000778593993310623	-0.00108625033945323	0.00272937585292995	-0.00132515666411146
2016	0.0184490682653338	-0.00132928166540052	-0.000702968969677803	0.000457187642871138	-0.00034031260634769	0.00983812807441502	-0.00116187536308605
2016	0.0282906338408231	-0.00132933322791663	-0.000321406350439484	0.0000343750107421909	-0.00060328143852545	0.0172235991323747	-0.000981406556689549
2016	0.00340656356455111	-0.00132941916544349	-0.00119796912436535	-0.000945312795410249	-0.00105531282978526	0.0012787503996095	-0.00133375041679701
2016	0.0140146918795912	-0.00132916135286292	-0.000665156457861393	0.000137500042968763	-0.00052593766435552	0.00795953373735429	-0.00122375038242199
2016	0.0332956354048861	-0.00132866291520716	0.0000687500214843817	0.000331718853662142	-0.000733906479345775	0.0299767281177275	-0.000269843834326198
2016	0.00544843920263725	-0.00132910979034681	-0.00110171909428722	-0.000988281558837987	-0.00122718788349621	0.00284453213891629	-0.00129937540605481
2016	0.00155546923608414	-0.00132917854036829	-0.00125468789208997	-0.00105531282978526	-0.00115671911147472	0.000330000103125032	-0.00127531289853528
2016	0.00776875242773513	-0.00132912697785218	-0.000959062799707125	-0.000477812649316453	-0.000959062799707125	0.00417140755356486	-0.00132859416518568
2016	0.017697974280617	-0.00132953947798109	-0.000696093967529365	0.000269843834326198	-0.000326562602050813	0.00895812779941494	-0.0013148441608888
2016	0.0431148572233929	-0.00132965979051868	-0.000214843817138693	0.00202812563378926	0.000682343963232489	0.0224950070296897	-0.00112234410073253
2016	0.00690593965810614	-0.00132940197793812	-0.00109140659106456	-0.000668593958935612	-0.000874844023388757	0.00367640739887731	-0.00128734415229505
2016	0.0426095445654827	-0.00132953947798109	-0.000128906290283216	0.00134406292001966	0.00033687510527347	0.0223918819974631	-0.000702968969677803
2016	0.000317968849365265	-0.00132993479060462	-0.00130453165766614	-0.00124609413940442	-0.00128218790068372	-0.000706406470752022	-0.00133375041679701
2016	0.00981750306796971	-0.00132936760292738	-0.00103640657387705	-0.000472656397705124	-0.00079062524707039	0.00504453282641651	-0.00132171916303724
2016	0.0132292228841322	-0.00132941916544349	-0.000780312743847732	-0.000641093950341859	-0.000783750244921952	0.0128837540261731	-0.00119796912436535
2016	0.0108367221364757	-0.00132950510297034	-0.00103812532441416	-0.000357500111718785	-0.000665156457861393	0.00463031394697311	-0.00121171912866223
2016	0.0311729784915558	-0.00132921291537904	-0.000281875088085965	0.00026468758271487	-0.000517343911669972	0.0229401634188011	-0.000928125290039153
2016	0.0263776644930202	-0.00132914416535755	-0.000312812597753937	0.000292187591308622	-0.000610156440673888	0.0174126616914568	-0.000895469029834072
2016	0.0106253158204112	-0.00132941916544349	-0.000964219051318453	-0.000660000206250064	-0.000835312761035238	0.00551547047358452	-0.00124781288994153
2016	0.00974875304648533	-0.00132904104032533	-0.00113953160610363	-0.000539687668652396	-0.000799218999755937	0.00630953322172913	-0.00103984407495127
2016	0.0154154735673355	-0.00132948791546497	-0.000921250287890715	-0.0000137500042968763	-0.000553437672949273	0.00950297171967866	-0.00124953164047864
2016	0.00645906451845766	-0.00132909260284144	-0.000969375302929782	-0.00101062531582041	-0.00123062538457043	0.00335328229790072	-0.00122718788349621
2016	0.00893922154350673	-0.00132967697802406	-0.00116015661254894	-0.000728750227734446	-0.000984844057763768	0.00431922009975628	-0.000910937784668058
2016	0.00477640774262742	-0.00132953947798109	-0.00116015661254894	-0.00111890659965831	-0.00123406288564465	0.00194046935639667	-0.00132000041250013
2016	0.0082310963222176	-0.0013295910404972	-0.00110687534589855	-0.00075109398471687	-0.000922969038427825	0.00509953284360401	-0.00114125035664074
2016	0.0776840867762771	-0.00132948791546497	0.00167406302314469	0.00225328195415061	0.000606718939599669	0.0624817382755432	-0.00000343750107421909
2016	0.00638343949482484	-0.00132931604041126	-0.00120312537597668	-0.000909219034130948	-0.00119109412221691	0.00380875119023475	-0.00131828166196302
2016	0.012144691295216	-0.00132931604041126	-0.000880000275000086	-0.000550000171875054	-0.00103125032226573	0.00586265808208065	-0.00127187539746106
2016	0.00749375234179761	-0.00132940197793812	-0.000991719059912206	-0.000568906427783259	-0.000876562773925867	0.00355953236235386	-0.00123921913725598
2016	0.0205081314087911	-0.00132914416535755	-0.000403906376220743	0.000935000292187591	0.000202812563378926	0.0147451608578628	-0.00128906290283216
2016	0.00364890739028356	-0.00132953947798109	-0.0012254691329591	-0.000883437776074305	-0.00100031281259775	0.00129937540605481	-0.00131656291142591
2016	0.0158125049414078	-0.00132940197793812	-0.000744218982568432	-0.000627343946044983	-0.000983125307226658	0.00985875308086034	-0.00116187536308605
2016	0.0173748491796404	-0.00132936760292738	-0.000962500300781344	-0.00018734380854494	-0.000622187694433655	0.00909734659292081	-0.00127359414799817
2016	0.067483302338532	-0.00132943635294886	0.000749375234179761	0.00216906317783224	0.000135781292431654	0.0465884520588913	-0.000608437690136778
2016	0.0337132917854037	-0.00132943635294886	-0.000235468823584007	0.000470937647168015	-0.000568906427783259	0.0224039132512229	-0.000965937801855563
2016	0.0653537704230533	-0.00132950510297034	0.00120484412651379	0.00267265708520534	0.000697812718066474	0.0366712614597692	0.000360937612793004
2016	0.0370425115757849	-0.00132948791546497	-0.000482968900927782	0.000501875156835987	-0.00026125008164065	0.0459817331192916	-0.000520781412744191
2016	0.0300007906252471	-0.0013294707279596	-0.000307656346142608	0.0000154687548339859	-0.000764843989013747	0.017385161682863	-0.00108281283837901
2016	0.0463306394783248	-0.0013297113530348	-0.000474375148242234	0.000757968986865308	-0.000409062627832071	0.021872819335256	-0.000959062799707125
2016	0.0279657899893094	-0.00132936760292738	0.000166718802099626	0.000905781533056729	-0.000230312571972679	0.0147210983503432	-0.00113265660395519
2016	0.230869447146702	-0.00132914416535755	0.00707953346235421	0.0135901604969252	0.00563922051225641	0.179236462261394	0.00319859474956086
2016	0.0173507866721208	-0.00132938479043275	-0.000931562791113372	-0.000371250116015661	-0.000732187728808665	0.00890312778222743	-0.00116015661254894
2016	0.0247259452268579	-0.00132940197793812	-0.000689218965380927	0.000749375234179761	-0.000605000189062559	0.0151267234771011	-0.00109656284267589
2016	0.0926492477028899	-0.00132957385299183	0.00136468792646498	0.00334125104414095	0.00115156285986339	0.0546511108284721	0.00026468758271487
2016	0.127978164993177	-0.00132919572787367	0.00266406333251979	0.00593484560463925	0.00163453176079118	0.0813897129342853	0.000962500300781344
2016	0.0262986019683131	-0.00132940197793812	-0.000378125118164099	0.0000893750279296962	-0.000613593941748107	0.0163418801068375	-0.000986562808300878
2016	0.0704790845247139	-0.00132957385299183	0.000771718991162185	0.00333609479252962	0.000895469029834072	0.0362690738340856	-0.000482968900927782
2016	0.0234111010659691	-0.00132943635294886	-0.000582656432080135	-0.000330000103125032	-0.000947031545947358	0.0121515662973645	-0.00109484409213878
2016	0.0290142278169462	-0.00132965979051868	-0.000266406333251979	-0.0000309375096679718	-0.000462343894482467	0.0141848481827651	-0.000991719059912206
2016	0.917439817949943	-0.00132979729056165	0.0236861011519066	0.036401417625443	0.0139871918709975	0.536465011395316	0.0371645428639196
2016	0.0344695420217319	-0.00132950510297034	0.0000687500214843817	-0.000140937544042983	-0.000776875242773513	0.0197828186821308	-0.00117734411792004
2016	0.0250971953428735	-0.00132952229047572	-0.000453750141796919	0.0000584375182617245	-0.00067718771162116	0.0154498485780777	-0.000933281541650482
2016	0.11303878532462	-0.0013289379152931	0.00235640698637718	0.00335500104843783	0.0000378125118164099	0.0927369039802825	0.00105187532871104
2016	0.0532039228762259	-0.0013297113530348	-0.000321406350439484	0.000969375302929782	-0.000275000085937527	0.0277818836818387	-0.000720156475048898
2016	0.093434716698349	-0.00132916135286292	0.00193015685317402	0.00371421991069372	0.000445156389111372	0.0654981454681705	-0.00011343753544923
2016	0.0187171933491229	-0.0013295910404972	-0.000756250236328199	0.000137500042968763	-0.000634218948193421	0.010089065652833	-0.00120828162758801
2016	0.839152449735141	-0.00132952229047572		0.0380754806485877	0.0149239109137222	0.572689397715437	0.017572505491408
2016	0.026578758305862	-0.00132929885290589	-0.000173593804248064	0.0000532812666503958	-0.000598125186914121	0.0168489115152848	-0.00109312534160167
2016	0.0184232870072772	-0.00132933322791663	-0.000515625161132863	0.000383281369775428	-0.000560312675097711	0.0108246908827159	-0.00124609413940442
2016	0.0586334558229549	-0.00132916135286292	0.000787187745996171	0.000816406505127033	-0.0008284377588868	0.0367228239758825	-0.000721875225586008
2016	0.109145815358067	-0.00132960822800257	0.00174796929624041	0.00378640743325232	0.00138015668129896	0.0821304944157795	0.0029545321732913
2016	0.0259307893533717	-0.00132953947798109	-0.000861094019091881	0.000386718870849647	-0.000350625109570347	0.013650316765724	-0.000881719025537196
2016	0.575021742194294	-0.0013297113530348	0.016271411334816	0.0241329762915551	0.0112698472718273	0.359346049795641	0.00833250260390706
2016	0.052891110278472	-0.00132972854054017	0.000230312571972679	0.000335156354736361	-0.00060156268798834	0.0319068849709016	-0.000818125255664142
2016	0.0185831308072284	-0.00132940197793812	-0.000254375079492212	-0.000438281386962933	-0.00094015654379892	0.0142106294408217	-0.00108968784052745
2016	0.00939469043584076	-0.00132955666548646	-0.00101921906850596	-0.000890312778222743	-0.00111375034804698	0.00381218869130897	-0.00125125039101575
2016	0.0176326617602068	-0.0013294707279596	-0.000606718939599669	-0.000562031425634821	-0.000928125290039153	0.00998765937114355	-0.00106734408354503
2016	0.0272576647680202	-0.001329350415422	-0.000254375079492212	0.000317968849365265	-0.000397031374072304	0.0157918799349625	-0.00104328157602549
2016	0.0181328181665057	-0.00132950510297034	-0.000950469047021577	-0.0000876562773925867	-0.000484687651464891	0.0103485969839366	-0.00110515659536144
2016	0.0201506312970723	-0.00132785510245472	0.000163281301025407	-0.000326562602050813	-0.000936719042724701	0.0149737546792983	-0.00123406288564465
2016	0.037374230429447	-0.00132933322791663	-0.000252656328955103	0.000867969021240319	-0.000237187574121117	0.0228439133887229	-0.00108453158891612
2016	0.0206903189657247	-0.00132940197793812	-0.000759687737402418	0.000165000051562516	-0.000455468892334029	0.0118817224630383	-0.00123750038671887
2016	0.0464062645019577	-0.0013297113530348	-0.000247500077343774	0.00082671900834969	-0.000159843799951187	0.0253756329298853	-0.000859375268554771
2016	0.0382473557022987	-0.0013294707279596	0.0000807812752441485	0.000605000189062559	-0.000883437776074305	0.0255131329728541	-0.000919531537353605
2016	0.16237551949235	-0.00132967697802406	0.00250250078203149	0.00454609517065474	0.000123750038671887	0.0889745590545497	0.00116875036523449
2016	0.0386151683172401	-0.00132924729038978	-0.000192500060156269	0.00215359442299826	0.000484687651464891	0.0228954759048362	-0.000922969038427825
2016	0.108724721476475	-0.00132929885290589	0.00226703195844749	0.00477640774262742	0.00148328171352554	0.0739389293559154	0.000706406470752022
2016	0.0308412596378936	-0.00132962541550794	-0.000197656311767597	0.000297343842919951	-0.000252656328955103	0.0156767236489761	-0.00110859409643566
2016	0.200806781502119	-0.00132945354045423	0.00403906376220743	0.00868656521455163	0.00270015709379909	0.131063322207288	0.0105135970354991
2016	0.305423689194903	-0.00132965979051868	0.00833078385336995	0.0130642228325696	0.00495859529956103	0.192120216287568	0.00259015705942408
2016	0.0241192262872582	-0.00132928166540052	-0.000381562619238319	-0.000140937544042983	-0.000754531485791089	0.0160582862682145	-0.000782031494384842
2016	0.16621692694279	-0.00132976291555091	0.00238562574550805	0.00465609520502975	0.00133375041679701	0.0928159665049895	0.0047007827189946
2016	0.0406347001983438	-0.00132957385299183	0.000342031356884799	0.00139906293720717	0.000395312623535195	0.0230828197133812	-0.000780312743847732
2016	0.112903004032189	-0.00132924729038978	0.00184765682739276	0.0036918761537113	0.000342031356884799	0.0737000230312572	0.000323125100976594
2016	0.0144856295267592	-0.00132943635294886	-0.000742500232031323	-0.000170156303173845	-0.000862812769628991	0.0070056271892585	-0.00121687538027356
2016	0.0263536019855006	-0.00132943635294886	-0.000398750124609414	-0.000605000189062559	-0.00107765658676768	0.0154893798404312	-0.00103468782333994
2016	0.0693172091616279	-0.00132945354045423	0.00078890649653328	0.00161562550488297	-0.000103125032226573	0.041516419223881	-0.000147812546191421
2016	0.00895469029834072	-0.00132964260301331	-0.00109656284267589	-0.001098281593213	-0.00122031288134778	0.00339453231079135	-0.0012976566555177
2016	0.381392462935145	-0.00132976291555091	0.010340003231251	0.017917974349367	0.00825172132866291	0.237766793052123	0.00702625219570381
2016	0.0088618777693368	-0.00132950510297034	-0.00107593783623057	-0.000867969021240319	-0.000986562808300878	0.00373140741606482	-0.00116187536308605
2016	0.0203328188540059	-0.00132902385281995	-0.000885156526611415	0.000825000257812581	-0.00030078134399417	0.0132601603938001	-0.00124437538886731
2016	0.0574097054405329	-0.00132952229047572	0.000684062713769598	0.00130109415659192	-0.000130625040820325	0.0343732919916537	-0.000699531468603584
2016	0.0070245334451667	-0.00132957385299183	-0.00116015661254894	-0.000794062748144609	-0.00112921910288097	0.00323296976030305	-0.00122375038242199
2016	0.0285450089203153	-0.00132978010305628	-0.000952187797558687	-0.000357500111718785	-0.000955625298632906	0.0129782853057142	-0.0010450003265626
2016	0.011830159946925	-0.00132948791546497	-0.000809531502978595	-0.000405625126757852	-0.000965937801855563	0.00613593941748107	-0.00125296914155286
2016	0.0219295381029807	-0.00132923010288441	-0.000660000206250064	0.000415937629980509	-0.000409062627832071	0.0131656291142591	-0.0012254691329591
2016	0.0316198536312043	-0.00132907541533607	-0.000207968814990255	0.00101062531582041	-0.000180468806396502	0.0213571941741232	-0.000795781498681718
2016	0.0174143804419939	-0.00132936760292738	-0.000732187728808665	0.000297343842919951	-0.00056375017617193	0.00965078426587008	-0.00128218790068372
2016	0.104515501411094	-0.00132941916544349	0.00133718791787122	0.00321578225493195	0.000441718888037153	0.0798290874465898	0.000254375079492212
2016	0.0262487582027369	-0.001329350415422	-0.000591250184765683	0.000269843834326198	-0.000419375131054728	0.0154601610813003	-0.000926406539502044
2016	0.0211681316150411	-0.00132931604041126	-0.000592968935302792	-0.000508750158984425	-0.000895469029834072	0.0137190667872084	-0.00119625037382824
2016	0.0810545565795489	-0.00132964260301331	0.000952187797558687	0.00298375093242217	0.000661718956787174	0.0460968894052779	-0.00079062524707039
2016	0.0473206397876999	-0.00132941916544349	0.000183906307470721	0.00213640691762716	0.000276718836474636	0.0287512589847684	-0.000732187728808665
2016	0.0393421997944374	-0.00132948791546497	-0.000183906307470721	0.000809531502978595	-0.0000773437741699294	0.0230536009542503	-0.00107078158461925
2016	0.049847203077251	-0.00132948791546497	0.0000395312623535195	0.00269671959272487	0.00127531289853528	0.0307759471174835	-0.000819844006201252
2016	0.0353598547999546	-0.00132950510297034	-0.000266406333251979	-0.000173593804248064	-0.000749375234179761	0.0239129762228051	-0.0009006252814454
2016	0.0303393844810576	-0.00132923010288441	0.0000618750193359435	-0.000132343791357435	-0.000699531468603584	0.0194493810779316	-0.00113093785341808
2016	0.258371174490992	-0.0013295910404972	0.00579562681113338	0.0093654716767099	0.0028462508894534	0.156413173879117	0.00140937544042983
2016	0.380034650010828	-0.00132962541550794	0.00880515900161219	0.0140335981354994	0.00538140793168998	0.230047884389964	0.00486750152109423
2016	0.147351921047475	-0.00132976291555091	0.00265031332822292	0.00618062693144592	0.00209343815419942	0.0724143976294993	-0.000185625058007831
2016	0.0610998628437071	-0.00132941916544349	0.000644531451416079	0.00140078168774428	-0.000266406333251979	0.0341120419100131	-0.000742500232031323
2016	0.0309753221797882	-0.00132910979034681	-0.000213125066601583	0.00011343753544923	-0.000830156509423909	0.0230157884424339	-0.000960781550244234
2016	0.0183064119707537	-0.00132950510297034	-0.000697812718066474	-0.000476093898779343	-0.00102093781904307	0.0104207845064952	-0.00121515662973645
2016	0.00716031473759836	-0.00132921291537904	-0.0010260940706544	-0.000422812632128948	-0.000974531554541111	0.00349593859248081	-0.00124609413940442
2016	0.13524847976515	-0.00132909260284144	0.00285312589160184	0.00457703268032271	0.00115156285986339	0.100615656442393	0.00107937533730479
2016	0.0421609506752971	-0.0013297113530348	-0.000211406316064474	0.000847344014795005	-0.000400468875146523	0.0210443815763692	-0.000668593958935612
2016	0.0726361164487864	-0.00132928166540052	0.00150562547050796	0.00201953188110371	0.000324843851513704	0.0478156399423875	-0.000694375216992255
2016	0.0245798514312036	-0.00132964260301331	-0.000531093915966849	0.0000807812752441485	-0.000886875277148524	0.0136210980065931	-0.00108625033945323
2016	0.0846467452021079	-0.00132953947798109	0.00122375038242199	0.0018373443241701	0.000171875053710954	0.0704859595268623	0.0000807812752441485
2016	0.0143825044945327	-0.00132960822800257	-0.000969375302929782	-0.000550000171875054	-0.000984844057763768	0.0076364086363777	-0.00118593787060558
2016	0.0644411138878481	-0.00132936760292738	0.000495000154687548	0.00235296948530296	0.000120312537597668	0.0398011061878457	0.00037468761708988
2016	0.911451691078653	-0.00132988322808851	0.0236018823755882	0.0280843837763699	0.00944281545087983	0.491602184875683	0.0137379730431166
2016	0.0472209522565476	-0.00132969416552943	-0.000250937578417993	0.00030250009453128	-0.000778593993310623	0.0206404752001485	-0.00101062531582041
2016	0.118843005888439	-0.00132965979051868	0.00131828166196302	0.00431062634707073	0.00106734408354503	0.0591731434916073	0.0000378125118164099
2016	0.0326236039448762	-0.00132955666548646	-0.000421093881591838	0.000467500146093796	-0.000519062662207082	0.0147606296126968	-0.00107593783623057
2016	0.26069148771609	-0.00132923010288441	0.00767078364711989	0.0137998480624525	0.00349593859248081	0.176309430096697	0.0287461027331571
2016	0.0862434644510826	-0.00132960822800257	0.00106562533300792	0.00292875091523466	0.000742500232031323	0.0442062638144574	-0.000500156406298877
2016	0.0407464189832559	-0.0013294707279596	-0.000323125100976594	0.000579218931005916	-0.000605000189062559	0.0203792251185079	-0.000730468978271556
2016	0.400023718757412	-0.00132921291537904	0.00989656559267675	0.0187137558480487	0.00338078230649447	0.252778360243238	0.0100615656442393
2016	0.127163477238587	-0.00132960822800257	0.00187000058437518	0.0028995321561038	0.000470937647168015	0.0744218982568432	-0.0000721875225586008
2016	0.0970028428133884	-0.00132984885307777	0.00101406281689463	0.00217250067890646	0.000288750090234403	0.0520300162593801	-0.000292187591308622
2016	0.00242515700786156	-0.00133003791563685	-0.00127531289853528	-0.00112921910288097	-0.00119625037382824	0.0000292187591308622	-0.00132343791357435
2016	0.0430323571976116	-0.00132952229047572	-0.000360937612793004	0.001459219206006	-0.000135781292431654	0.0203775063679707	-0.0000429687634277386
2016	0.09669862396832	-0.0013294707279596	0.00116015661254894	0.00102093781904307	-0.000560312675097711	0.0988900309031347	0.00122890663403332
2016	0.319593068622834	-0.00132916135286292	0.0083926588727059	0.0119831287447277	0.00206250064453145	0.232225541320482	0.00870547147045984
2016	0.025905008095315	-0.00132969416552943	-0.000524218913818411	-0.000544843920263725	-0.00103984407495127	0.0154171923178726	-0.00107765658676768
2016	0.052468297646343	-0.0013295910404972	-0.000275000085937527	0.00125640664262708	-0.0000721875225586008	0.0242996950936547	-0.000630781447119202
2016	0.0239490699840844	-0.00132938479043275	-0.000386718870849647	-0.000293906341845732	-0.000787187745996171	0.0161493800466813	-0.000766562739550856
2016	0.0439656387392621	-0.00132967697802406	-0.000352343860107456	0.000476093898779343	-0.000665156457861393	0.0297395405436064	-0.000434843885888714
2016	0.0580078306274471	-0.0013295910404972	0.000491562653613329	0.000543125169726616	-0.000580937681543025	0.0316714161473175	-0.000687500214843817
2016	0.164527395164811	-0.00132964260301331	0.00323296976030305	0.00490703278344774	0.00107250033515635	0.0985376870430272	0.00415937629980509
2016	0.188091465028583	-0.00132962541550794	0.00487953277485399	0.00796297123842851	0.00217765693051779	0.105343939169981	0.00914203410688566
2016	0.348621046444077	-0.00132919572787367	0.010857347142921	0.0213125066601583	0.00744906482783276	0.25736742417732	0.00863328394790123
2016	0.0216321942600607	-0.00132979729056165	-0.000854219016943443	-0.000519062662207082	-0.000986562808300878	0.00914719035849699	-0.00118078161899426
2016	0.187809589940497	-0.0013295910404972	0.00404422001381875	0.00756078361274488	0.00192843810263691	0.119059568456115	0.00386031370634803
2016	0.0908840909012784	-0.00132960822800257	0.00114296910717785	0.00304562595175811	0.000245781326806665	0.0422279819462444	-0.000171875053710954
2016	0.00178750055859392	-0.00133086291589466	-0.00132343791357435	-0.00120312537597668	-0.00121687538027356	-0.000510468909521534	-0.00113781285556652
2016	0.100746281483213	-0.00132940197793812	0.00129078165336927	0.00323296976030305	0.000426250133203167	0.054695798342437	0.00231000072187523
2016	0.00895984654995205	-0.00132955666548646	-0.0011171878491212	-0.000861094019091881	-0.00113781285556652	0.00375375117304724	-0.00123062538457043
2016	0.0234162573175804	-0.00132972854054017	-0.000445156389111372	0.000173593804248064	-0.000704687720214913	0.0119418787318371	-0.00111031284697276
2016	0.0278420399506375	-0.00132962541550794	-0.000352343860107456	0.000018906255908205	-0.000733906479345775	0.0149153171610366	-0.000711562722363351
2016	0.0572051741266169	-0.00132962541550794	0.0000842187763183676	0.000355781361181675	-0.000479531399853562	0.0405161064112833	-0.000608437690136778
2016	0.0302225094445342	-0.00132964260301331	-0.00030250009453128	0.0000464062645019577	-0.00067546896108405	0.013619379256056	-0.00112578160180675
2016	0.0146953170922866	-0.00132923010288441	-0.00078890649653328	-0.000627343946044983	-0.000890312778222743	0.00668937709043034	-0.00104328157602549
2016	0.145059107830971	-0.00132962541550794	0.00178578180805681	0.00445328264165083	0.000811250253515704	0.0837254949142172	0.00499984531245166
2016	0.335835261198519	-0.00132919572787367	0.0117579724243664	0.0140095356279799	0.00357156361611363	0.213149129109103	0.0248325077601587
2016	0.0610603315813536	-0.00132967697802406	0.000372968866552771	0.00237187574121117	0.0000773437741699294	0.0306092283153838	-0.000745937733105542
2016	0.0884658088955653	-0.001329350415422	0.00162765675864274	0.00307828221196319	0.000654843954638736	0.0503765782426807	0.00872781522744226
2016	0.231321478537962	-0.00132931604041126	0.00629750196796936	0.0119796912436535	0.00291500091093778	0.147956921236538	0.030910009659378
2016	0.217831005572189	-0.00132962541550794	0.00468703271469772	0.00929156540361419	0.00261421956694361	0.11864019332506	0.00512703285219777
2016	0.0770189303184157	-0.0013295910404972	0.00106390658247081	0.00132515666411146	-0.000421093881591838	0.0427161070987835	-0.000276718836474636
2016	0.0283301651031766	-0.00132981447806702	-0.000422812632128948	-0.0000962500300781344	-0.000754531485791089	0.0147932858729018	-0.00100203156313486
2016	0.0766115864411208	-0.00132969416552943	0.000871406522314538	0.00293218841630888	0.000242343825732446	0.042850169640678	-0.000304218845068389
2016	0.0307982908744659	-0.00132952229047572	-0.000419375131054728	0.000417656380517619	-0.000426250133203167	0.0140542231419447	-0.00108453158891612
2016	0.0968533115166599	-0.00132880041525013	0.00157781299306656	0.00726859602143626	0.00245609451752954	0.0710686159589425	0.00476265773833054
2016	0.531279541024857	-0.001329350415422	0.0137345355420424	0.0215548504858908	0.00581625181757869	0.347179014743442	0.01319484787339
2016	0.0113179722868663	-0.00132962541550794	-0.00107765658676768	-0.000706406470752022	-0.00115671911147472	0.00496547030170947	-0.00100031281259775
2016	0.192573966429365	-0.00132933322791663	0.00359734487417027	0.00968515927661227	0.00235812573691429	0.12433097635343	0.0135901604969252
2016	0.0660275206336002	-0.00132984885307777	0.000696093967529365	0.00101062531582041	-0.000177031305322283	0.0276323523851101	0.0000103125032226573
2016	0.0294026654383329	-0.00132941916544349	-0.000537968918115287	0.0000653125204101626	-0.000720156475048898	0.0146025045632827	-0.000924687788964934
2016	1	-0.00132929885290589	0.037343292919779	0.0730486165776927	0.0265718833037135	0.696439436387324	0.0965181551619235
2016	0.0349920421850132	-0.00132921291537904	-0.000417656380517619	0.00128390665122083	-0.000534531417041068	0.0200251625078633	0.000491562653613329
2016	0.0100495343904795	-0.001329350415422	-0.00101750031796885	-0.000782031494384842	-0.00107078158461925	0.00459078268461959	-0.00118250036953137
2016	0.0989398746687108	-0.00132967697802406	0.00126671914584973	0.0035835948698734	0.000618750193359435	0.0478929837165574	0.000285312589160184
2016	0.0236362573863304	-0.00132924729038978	-0.000641093950341859	-0.000115156285986339	-0.000814687754589923	0.0150167234427261	-0.000702968969677803
2016	0.0495928279977587	-0.00132962541550794	0.000201093812841817	0.00052765641489263	-0.000458906393408248	0.0216768817740256	-0.000570625178320368
2016	0.00321578225493195	-0.00132995197810999	-0.00126500039531262	-0.00106734408354503	-0.00119968787490246	0.000206250064453145	-0.00126671914584973
2016	0.0285175089117215	-0.00132964260301331	-0.000768281490087966	-0.000060156268798834	-0.000699531468603584	0.0122185975683117	-0.000990000309375097
2016	0.0267506333595729	-0.00132943635294886	-0.00041250012890629	-0.000190781309619159	-0.000907500283593839	0.0135128167227552	-0.000873125272851648
2016	0.0238442262013207	-0.00132957385299183	-0.000476093898779343	-0.000175312554785173	-0.000845625264257895	0.0184318807599627	0.0000773437741699294
2016	0.0364134488792028	-0.00132965979051868	-0.00045203139125981	0.000610156440673888	-0.000486406402002001	0.016663286457277	-0.00103468782333994
2016	0.0277200086625027	-0.00132969416552943	-0.000606718939599669	-0.0000876562773925867	-0.000969375302929782	0.0121154725360852	-0.0010621878319337
2016	0.142603013313442	-0.0013295910404972	0.00235125073476585	0.0044481263900395	0.000924687788964934	0.0775998679999587	0.000888594027685634
2016	0.0316198536312043	-0.00132950510297034	-0.000653125204101626	0.000472656397705124	-0.000587812683691464	0.0146695358342299	-0.000572343928857478
2016	0.257676799274	-0.00132974572804554	0.00408547002670938	0.00769312740410231	0.00297343842919951	0.126640977075305	0.00056375017617193
2016	0.0172304741345232	-0.00132941916544349	-0.000821562756738362	-0.000202812563378926	-0.00075281273525398	0.00860406518877037	-0.00123234413510754
2016	0.287430089821903	-0.00132933322791663	0.00716203348813547	0.0146300045718764	0.00450656390830122	0.174630210821941	0.0133460979206556
2016	0.0224176632555198	-0.00132978010305628	-0.000830156509423909	-0.000166718802099626	-0.000660000206250064	0.00894609654565517	-0.00103125032226573
2016	0.0664383020119694	-0.00132955666548646	0.000749375234179761	0.00158296924467789	-0.000292187591308622	0.050459078268462	0.00142656294580092
2016	0.11564956739049	-0.00132996916561536	0.00319343849794953	0.00219140693481467	-0.00048812515253911	0.0493779841806201	0.00579734556167049
2016	0.0104310970097178	-0.0013298316655724	-0.00082671900834969	-0.000608437690136778	-0.000893750279296962	0.00393937623105507	-0.00125125039101575
2016	0.00646937702168032	-0.00132895510279847	-0.000984844057763768	-0.000812969004052814	-0.00112234410073253	0.00343578232368198	-0.00128218790068372
2016	0.019817193692873	-0.00132943635294886	-0.000733906479345775	-0.000238906324658226	-0.000838750262109457	0.0107576596117686	-0.00097796905561533
2016	0.00893062779082118	-0.00132936760292738	-0.000993437810449316	-0.000754531485791089	-0.00102781282119151	0.00472828272758835	-0.00123234413510754
2016	0.171756459923894	-0.00132995197810999	0.00438109511909222	0.00236156323798851	-0.000357500111718785	0.0801109625346758	0.00923484663588957
2016	0.0475217336005418	-0.0013294707279596	0.000132343791357435	0.00193703185532245	0.000120312537597668	0.023785788683059	0.000156406298876968
2016	0.00228250071328147	-0.0013301238531637	-0.00116531286416027	-0.00123234413510754	-0.00126671914584973	0.000132343791357435	-0.0013148441608888
2016	0.0516398598874562	-0.00132948791546497	0.000123750038671887	0.00158984424682633	-0.00030078134399417	0.0290090715653349	0.000175312554785173
2016	0	0	0	0	0	0	0
2016	0.00306796970874053	-0.00132990041559388	-0.00119968787490246	-0.00112234410073253	-0.00123750038671887	0.00075281273525398	-0.00133375041679701
2016	0.0215342254794455	-0.00132950510297034	-0.00097625030507822	-0.000421093881591838	-0.000838750262109457	0.0114967223427257	-0.000929844040576263
2016	0.0118507849533703	-0.00132995197810999	-0.00107765658676768	-0.000257812580566431	-0.00075281273525398	0.00523531413603567	-0.00122031288134778
2016	0.00923312788535246	-0.00132967697802406	-0.00103468782333994	-0.000159843799951187	-0.000697812718066474	0.00514593910810597	-0.00117218786630871
2016	0.0143481294837905	-0.00132957385299183	-0.000981406556689549	-0.000431406384814495	-0.000993437810449316	0.00630265821958069	-0.0012065628770509
2016	0.00844422138881918	-0.00132921291537904	-0.00105359407924815	-0.000721875225586008	-0.00104843782763682	0.00491218903505907	-0.0012065628770509
2016	0.00332234478823275	-0.00132984885307777	-0.00111031284697276	-0.00122718788349621	-0.00128562540175794	0.00191984434995136	-0.00132171916303724
2016	0.0369840740575231	-0.00132953947798109	-0.000465781395556686	0.000429687634277386	-0.000421093881591838	0.0198000061875019	-0.000897187780371181
2016	0.0175123492226091	-0.00132943635294886	-0.000847344014795005	0.0000464062645019577	-0.000740781481494213	0.00949953421860444	-0.000522500163281301
2016	0.0203946938733418	-0.00132972854054017	-0.000733906479345775	-0.000254375079492212	-0.000838750262109457	0.00808328377602618	-0.00109656284267589
2016	0.00357156361611363	-0.00132948791546497	-0.00120828162758801	-0.00101578156743174	-0.00124437538886731	0.000661718956787174	-0.00123578163618176
2016	0.00656218955068423	-0.00132923010288441	-0.00124953164047864	-0.000935000292187591	-0.00119281287275402	0.00295968842490263	-0.00126671914584973
2016	0.0295693842404326	-0.00132964260301331	-0.000510468909521534	-0.000574062679394587	-0.000971094053466892	0.0259084455963892	0.0000429687634277386
2016	0.140588637683949	-0.00132904104032533	0.00472312647597702	0.0107748471171397	0.00316078223774445	0.110017221880382	0.00690937715918036
2016	0.203039438449825	-0.00132900666531458	0.00569593927998103	0.0108006283751964	0.00294078216899443	0.155648329890103	0.0084648463952645
2016	0.00827578383618245	-0.00132941916544349	-0.00105531282978526	-0.000587812683691464	-0.00120140662543957	0.00404593876435586	-0.000959062799707125
2016	0.0110515659536144	-0.00132960822800257	-0.00107593783623057	-0.000388437621386757	-0.00103468782333994	0.00553953298110406	-0.000350625109570347
2016	0.00291500091093778	-0.00132988322808851	-0.0011893753716798	-0.000988281558837987	-0.0011532816104005	0.000477812649316453	-0.00120312537597668
2016	0.00264343832607448	-0.00132990041559388	-0.00118421912006847	-0.0010621878319337	-0.00127359414799817	0.000520781412744191	-0.00125812539316419
2016	0.0277200086625027	-0.00132892072778773	-0.000660000206250064	0.00174281304462908	-0.000245781326806665	0.0189973496866718	-0.000317968849365265
2016	0.00568734552729548	-0.00132965979051868	-0.0010450003265626	-0.00097625030507822	-0.00129078165336927	0.0021604694251467	-0.00122031288134778
2016	0.0307261033519073	-0.00132998635312074	-0.000613593941748107	0.00034031260634769	-0.000323125100976594	0.0164295363842301	-0.000745937733105542
2016	0.00907328408540128	-0.00132952229047572	-0.000971094053466892	-0.000783750244921952	-0.000988281558837987	0.00348390733872104	-0.0013148441608888
2016	0.0164450051390641	-0.00132919572787367	-0.000682343963232489	0.0000910937784668058	-0.00045203139125981	0.00933453416704193	-0.000759687737402418
2016	0.00246468827021508	-0.00132960822800257	-0.00130453165766614	-0.00108796908999034	-0.00114296910717785	0.000988281558837987	-0.00125125039101575
2016	0.00630953322172913	-0.00132952229047572	-0.00118593787060558	-0.000909219034130948	-0.00116703161469738	0.00252312578847681	-0.00112921910288097
2016	0.674750523359539	-0.00132883479026087	0.0247895389967309	0.0392906372783242	0.00685953339360419	0.529113915348099	0.0482075150648485
2016	0.0132343791357435	-0.00132907541533607	-0.000850781515869224	-0.000582656432080135	-0.00111031284697276	0.00928469040146575	-0.000369531365478552
2016	0.00777734618042068	-0.001329350415422	-0.00116531286416027	-0.00105015657817393	-0.00126328164477551	0.00546906420908257	-0.000861094019091881
2016	0.03972719991475	-0.00132888635277699	-0.000213125066601583	0.00262109456909205	-0.0000910937784668058	0.0280121962538113	0.000317968849365265
2016	0.00949953421860444	-0.00132952229047572	-0.00109140659106456	-0.0009006252814454	-0.00107765658676768	0.00356296986342808	-0.00115500036093761
2016	0.0155598486124527	-0.00132940197793812	-0.000895469029834072	-0.000250937578417993	-0.00100718781474619	0.00881547150483485	-0.000852500266406333
2016	0.0381562619238318	-0.00132965979051868	-0.000199375062304707	0.000979687806152439	-0.000256093830029322	0.0193720373037617	-0.00101234406635752
2016	0.00455125142226607	-0.0013295910404972	-0.000945312795410249	-0.00105531282978526	-0.00115843786201183	0.00263140707231471	-0.0012959379049806
2016	0.0500809531502979	-0.00132909260284144	0.000371250116015661	0.00177890680590838	-0.000209687565527364	0.0327439164824739	0.000845625264257895
2016	0.0163195363498551	-0.00132953947798109	-0.000685781464306708	-0.00063937519980475	-0.00129937540605481	0.0135850042453138	-0.000278437587011746
2016	0.0034220323193851	-0.00132974572804554	-0.00124609413940442	-0.00121000037812512	-0.00125296914155286	0.00111031284697276	-0.00125296914155286
2016	0.0111959409987316	-0.00132979729056165	-0.000905781533056729	-0.000278437587011746	-0.000799218999755937	0.00435015760942425	-0.00113093785341808
2016	0.0236070386271996	-0.00132940197793812	-0.000799218999755937	0.000522500163281301	-0.000821562756738362	0.0128115665036145	-0.0000171875053710954
2016	0.0127204727251477	-0.00132938479043275	-0.00112234410073253	-0.0000945312795410249	-0.000482968900927782	0.00684062713769598	-0.000995156560986425
2016	0.010199065687208	-0.00133000354062611	-0.00102437532011729	-0.000727031477197337	-0.000974531554541111	0.00317968849365265	-0.00120140662543957
2016	0.0108814096504405	-0.00132917854036829	-0.00101234406635752	-0.000276718836474636	-0.00102953157172862	0.00656390830122134	-0.000952187797558687
2016	0.00503422032319385	-0.00132976291555091	-0.00124437538886731	-0.000859375268554771	-0.0011171878491212	0.00263828207446315	-0.00121859413081067
2016	0.0231825072445335	-0.0013295910404972	-0.000642812700878969	0.000283593838623075	-0.000644531451416079	0.0110739097105968	-0.00100031281259775
2016	0.0908875284023526	-0.00132950510297034	0.00172390678872087	0.00484172026303758	0.00119281287275402	0.0646112701910219	0.00488984527807665
2016	0.0635043948451234	-0.00132917854036829	0.000137500042968763	0.00137328167915052	-0.000242343825732446	0.0450037640636763	0.000551718922412163
2016	0.0272421960131863	-0.00132914416535755	-0.000501875156835987	-0.000166718802099626	-0.000943594044873139	0.0398939187168496	0.00139906293720717
2016	0.214331629478634	-0.00132936760292738	0.00531093915966849	0.0103176594742686	0.00187687558652362	0.138742699607094	0.00532812666503958
2016	0.0367125114726598	-0.00132974572804554	-0.000288750090234403	0.000206250064453145	-0.000644531451416079	0.0166340676981462	-0.000823281507275471
2016	0.000592968935302792	-0.00133033010322816	-0.00128734415229505	-0.00120484412651379	-0.00127703164907239	-0.000855937767480552	-0.00129937540605481
2016	0.0139046918452162	-0.0013294707279596	-0.000921250287890715	-0.00048812515253911	-0.000986562808300878	0.00803000250937578	-0.000496718905224658
2016	0.0225603195500999	-0.00132933322791663	-0.000797500249218828	-0.000120312537597668	-0.000757968986865308	0.0137792230560072	-0.000598125186914121
2016	0.0473962648113328	-0.00132945354045423	-0.000352343860107456	0.0010260940706544	-0.000598125186914121	0.0283318838537137	0.00178578180805681
2016	0.00349078234086948	-0.00132938479043275	-0.00116015661254894	-0.000967656552392673	-0.00124781288994153	0.000981406556689549	-0.0011532816104005
2016	0.0135660979894056	-0.00132876604023939	-0.000792343997607499	-0.0000584375182617245	-0.000673750210546941	0.0100392218872568	-0.000359218862255894
2016	0.00909219034130948	-0.00132919572787367	-0.000917812786816496	-0.000890312778222743	-0.00125812539316419	0.00562547050795953	-0.00100375031367197
2016	0.00742672107085033	-0.00133005510314222	-0.00118078161899426	-0.00107937533730479	-0.00121687538027356	0.00182531307041033	-0.00113609410502941
2016	0.0146196920686538	-0.00132941916544349	-0.000823281507275471	0.000195937561230488	-0.000550000171875054	0.00701422094194404	-0.00116703161469738
2016	0.00185625058007831	-0.00133046760327113	-0.00131828166196302	-0.00128562540175794	-0.00128562540175794	0.00623562694863342	-0.00127359414799817
2016	0.199885531214229	-0.00132845666514271	0.00851125265976646	0.0130659415831067	0.00191640684887714	0.187330058540643	0.0137104730345228
2016	0.021260944144045	-0.00132928166540052	-0.000857656518017662	0.0000825000257812581	-0.000613593941748107	0.0106201595687999	-0.000833594010498128
2016	0.00669281459150456	-0.00132952229047572	-0.00109140659106456	-0.000785468995459061	-0.00104843782763682	0.00304046970014678	-0.00127359414799817
2016	0.0472759522737351	-0.00132960822800257	0.00102093781904307	0.000297343842919951	-0.000720156475048898	0.0482350150734422	0.000443437638574262
2016	0.00733218979130931	-0.001329350415422	-0.00112578160180675	-0.0010621878319337	-0.00116015661254894	0.00361625113007848	-0.00124609413940442
2016	0.0200303187594746	-0.00132806135251917	-0.0000567187677246149	0.000959062799707125	-0.000771718991162185	0.0175587554871111	0.000330000103125032
2016	0.00861265894145592	-0.0013298316655724	-0.000835312761035238	-0.00048984390307622	-0.00103296907280284	0.00401328250415078	-0.00120312537597668
2016	0.00526109539409231	-0.0013298316655724	-0.00119109412221691	-0.00114296910717785	-0.00123750038671887	0.00103812532441416	-0.00121859413081067
2016	0.0194046935639667	-0.0013294707279596	-0.000812969004052814	0.000218281318212912	-0.000641093950341859	0.00888422152631923	-0.0010810940878419
2016	0.00635593948623109	-0.00132978010305628	-0.00121687538027356	-0.000837031511572347	-0.00118765662114269	0.00191468809834003	-0.00130281290712903
2016	0.0600273625085508	-0.00132950510297034	0.0000825000257812581	0.000816406505127033	-0.00059984393745123	0.0692140841294013	0.000924687788964934
2016	0.00962844050888766	-0.00132978010305628	-0.00108625033945323	-0.000618750193359435	-0.00114296910717785	0.00348906359033237	-0.00113781285556652
2016	0.0116204723813976	-0.00132929885290589	-0.000995156560986425	-0.000773437741699294	-0.000988281558837987	0.00684062713769598	-0.00094187529433603
2016	0.117684568026428	-0.00132945354045423	0.00264515707661159	0.00566843927138727	0.00173937554355486	0.0851829953696861	0.008158908799659
2016	0.148828327758852	-0.00132941916544349	0.00547765796176811	0.00863328394790123	0.00271562584863308	0.115967536239855	0.00672203335063542
2016	0.00738890855903392	-0.00132976291555091	-0.00108453158891612	-0.000807812752441485	-0.00111031284697276	0.00226359445737327	-0.00121687538027356
2016	0.00859375268554771	-0.00133010666565833	-0.00111546909858409	-0.000764843989013747	-0.0011343753544923	0.00215015692192404	-0.00118421912006847
2016	0.00185968808115253	-0.0013301238531637	-0.00121000037812512	-0.00113093785341808	-0.00126500039531262	-0.0000206250064453145	-0.0012959379049806
2016	0.00842187763183676	-0.00132952229047572	-0.00106562533300792	-0.000651406453564517	-0.000979687806152439	0.00357328236665074	-0.00116015661254894
2016	0.0214311004472189	-0.00132929885290589	-0.00109484409213878	-0.000104843782763682	-0.000814687754589923	0.0121962538113293	-0.000445156389111372
2016	0.0150339109480972	-0.00132950510297034	-0.000800937750293047	-0.000434843885888714	-0.00093843779326181	0.00727031477197337	-0.00101921906850596
2016	0.012081097525343	-0.00132981447806702	-0.0011171878491212	-0.000749375234179761	-0.00114125035664074	0.0043759388674809	-0.00120484412651379
2016	0.0213107879096212	-0.00132969416552943	-0.000591250184765683	0.000144375045117202	-0.000596406436377011	0.00971094053466892	-0.000359218862255894
2016	0.0439157949736859	-0.00132974572804554	-0.000426250133203167	0.00149187546621108	0.000245781326806665	0.022295631967385	-0.000768281490087966
2016	0.00658968955927799	-0.00132926447789515	-0.00117562536738293	-0.000979687806152439	-0.00128562540175794	0.00412672003960001	-0.0008645315201661
2016	0.0619850193703186	-0.00132940197793812	0.000948750296484468	0.00319515724848664	0.000582656432080135	0.0409939190605997	0.000568906427783259
2016	0.0156234423823257	-0.00132928166540052	-0.000775156492236404	-0.00033859385581058	-0.000907500283593839	0.0094548467046396	-0.000928125290039153
2016	0.01120281600088	-0.00132938479043275	-0.000596406436377011	-0.000312812597753937	-0.00102437532011729	0.0125898476843274	-0.000931562791113372
2016	0.0179007868439959	-0.00132857697768031	-0.000613593941748107	0.000512187660058644	-0.000666875208398503	0.0151559422362319	0.000474375148242234
2016	0.236029136259105	-0.001328284790089	0.0114193785685558	0.0224142257544455	0.00416968880302775	0.224271163834739	0.0214843817138693
2016	0.0236792261497582	-0.00132979729056165	-0.000687500214843817	0.000280156337548856	-0.000257812580566431	0.00985875308086034	-0.00117218786630871
2016	0.00829812759316487	-0.00132940197793812	-0.00113609410502941	-0.000964219051318453	-0.00106390658247081	0.0147004733438979	-0.000960781550244234
2016	0.00424703257719768	-0.0013298316655724	-0.00123750038671887	-0.00121000037812512	-0.00129250040390638	0.00100203156313486	-0.00117906286845715
2016	0.00396687623964882	-0.0013298316655724	-0.00104843782763682	-0.00102953157172862	-0.00121343787919934	0.00189921934350604	-0.00124093788779309
2016	0.0645322076663149	-0.00132964260301331	0.000498437655761767	0.00243890701215844	0.000400468875146523	0.0357671986772496	0.000173593804248064
2016	0.0146110983159682	-0.00132962541550794	-0.000907500283593839	-0.000314531348291046	-0.000914375285742277	0.00532984541557669	-0.000747656483642651
2016	0.0500276718836475	-0.00132933322791663	0.000101406281689463	0.00125640664262708	-0.000307656346142608	0.0307811033690948	-0.000230312571972679
2016	0.0174642242075701	-0.00132943635294886	-0.00097796905561533	-0.000235468823584007	-0.000768281490087966	0.00805922126850665	-0.00109484409213878
2016	0.015956879986525	-0.00132981447806702	-0.000837031511572347	-0.000553437672949273	-0.000998594062060644	0.0104706282720713	-0.000928125290039153
2016	0.0143137544730483	-0.00132965979051868	-0.00113265660395519	-0.000458906393408248	-0.000764843989013747	0.00596922061538144	-0.00128562540175794
2016	0.0282665713333035	-0.00132952229047572	-0.0000704687720214913	-0.000192500060156269	-0.000806094001904376	0.014121254412892	-0.000625625195507874
2016	0.0208896940280294	-0.00132965979051868	-0.000680625212695379	0.000415937629980509	-0.000390156371923866	0.00930359665737395	-0.00114125035664074
2016	0.0102282844463389	-0.00132945354045423	-0.00090234403198251	-0.000611875191210997	-0.000814687754589923	0.00600359562612363	-0.00115671911147472
2016	0.0727529914853098	-0.00132861135269105	0.00173421929194353	0.00479531399853562	0.000630781447119202	0.0583773619929256	0.00344953232797885
2016	0.0748258046330639	-0.00132847385264808	0.00180640681450213	0.00515797036186574	0.000910937784668058	0.0703054907204659	0.00609812690566466
2016	0.0165120364100114	-0.00132995197810999	-0.000893750279296962	-0.000852500266406333	-0.00112406285126964	0.00772922116538161	-0.000996875311523535
2016	0.053221110381597	-0.00132907541533607	0.000895469029834072	0.00316765723989289	0.000802656500830157	0.040387200121	0.00105875033085948
2016	0.00331890728715853	-0.0013294707279596	-0.00123062538457043	-0.000812969004052814	-0.00102953157172862	0.000922969038427825	-0.00132515666411146
2016	0.00518547037045949	-0.00133074260335706	-0.00116703161469738	-0.00097796905561533	-0.00116015661254894	0.00171531303603532	-0.00125640664262708
2016	0.0289076652836454	-0.00132965979051868	-0.000304218845068389	0.000823281507275471	-0.000115156285986339	0.0130487540777356	-0.00108625033945323
2016	0.286572433303885	-0.00132924729038978	0.00936203417563568	0.0175587554871111	0.00570453303266657	0.202528969540303	0.0196143811294941
2016	0.0230278196961937	-0.00132914416535755	-0.000390156371923866	0.000654843954638736	-0.000747656483642651	0.0140628168946303	-0.000510468909521534
2016	0.037358761674613	-0.0013297113530348	-0.000419375131054728	0.000493281404150439	-0.000357500111718785	0.0189681309275409	-0.00102437532011729
2016	0.0142106294408217	-0.00132972854054017	-0.000711562722363351	0.000165000051562516	-0.000649687703027407	0.00651234578510806	-0.000873125272851648
2016	0.0109106284095714	-0.00132955666548646	-0.00097625030507822	-0.000615312692285216	-0.00112406285126964	0.00488812652753954	-0.00115500036093761
2016	0.00661890831840885	-0.00132969416552943	-0.00102093781904307	-0.00121515662973645	-0.00125640664262708	0.0116187536308605	-0.000857656518017662
2016	0.0168781302744157	-0.0013294707279596	-0.000560312675097711	-0.000386718870849647	-0.000883437776074305	0.01076281586338	-0.000171875053710954
2016	0.0248342265106958	-0.00132955666548646	-0.000709843971826241	0.000493281404150439	-0.0000893750279296962	0.0136778167743177	-0.000898906530908291
2016	0.0193582872994648	-0.00132962541550794	-0.00107937533730479	-0.000309375096679718	-0.000922969038427825	0.00831531509853597	-0.00125984414370129
2016	0.039696262405082	-0.00132900666531458	-0.000223437569824241	0.000555156423486382	-0.000429687634277386	0.030894540904544	0.00224468820146506
2016	0.00926922164663176	-0.00132919572787367	-0.00106906283408214	-0.000831875259961019	-0.00116187536308605	0.00560484550151422	-0.00121859413081067
2016	0.0703725219914131	-0.00132924729038978	0.00122203163188489	0.00274828210883816	0.0000275000085937527	0.0457926705602096	0.00139390668559584
2016	0.0149359421674819	-0.00132948791546497	-0.000926406539502044	-0.000295625092382841	-0.00063937519980475	0.00711734597417062	-0.00126500039531262
2016	0.00797672124272539	-0.00132928166540052	-0.00107765658676768	-0.000972812804004001	-0.00104328157602549	0.00333093854091829	-0.00119281287275402
2016	0.0157403174188492	-0.00132986604058314	-0.000880000275000086	-0.000550000171875054	-0.00110687534589855	0.00759343987294996	-0.00112921910288097
2016	0.0673372085428777	-0.00132976291555091	0.000501875156835987	0.00195078185961933	0.000206250064453145	0.0410832940885294	-0.000467500146093796
2016	0.00367296989780309	-0.001329350415422	-0.00121000037812512	-0.0012065628770509	-0.00125296914155286	0.00134062541894544	-0.00133375041679701
2016	0.0044670326459477	-0.00132917854036829	-0.00110171909428722	-0.000971094053466892	-0.00124953164047864	0.00205046939077168	-0.00131828166196302
2016	0.00317796974311554	-0.00132868010271253	-0.00111203159750987	-0.00109484409213878	-0.00121171912866223	0.00149187546621108	-0.0012426566383302
2016	0.0293373529179228	-0.00132957385299183	-0.000427968883740276	0.000692656466455146	-0.000250937578417993	0.0139339106043471	-0.00104671907709971
2016	0.00332234478823275	-0.00132952229047572	-0.00127359414799817	-0.00130109415659192	-0.00130453165766614	0.00206765689614278	-0.00127531289853528
2016	0.00581281431650447	-0.0013289379152931	-0.00118421912006847	-0.000843906513720786	-0.00118765662114269	0.00239937574980492	-0.00120140662543957
2016	0.024351257609768	-0.00132972854054017	-0.000728750227734446	0.000118593787060558	-0.000446875139648481	0.010073596897999	-0.00105187532871104
2016	0.0158142236919449	-0.00132981447806702	-0.00108281283837901	-0.000171875053710954	-0.000837031511572347	0.00672375210117253	-0.00129421915444349
2016	0.020741881481838	-0.00132976291555091	-0.000869687771777429	-0.000385000120312538	-0.000845625264257895	0.0094187529433603	-0.00119968787490246
2016	0.00786156495673905	-0.00132929885290589	-0.0011532816104005	-0.000998594062060644	-0.00115156285986339	0.00321234475385774	-0.00108453158891612
2016	0.0461931394353561	-0.00132952229047572	-0.0000550000171875054	0.00197484436713886	0.000268125083789089	0.0231361009800316	-0.000804375251367266
2016	0.0178990680934588	-0.00132929885290589	-0.000837031511572347	0.000159843799951187	-0.000293906341845732	0.00833594010498128	-0.00112062535019542
2016	0.0341309481659213	-0.00132924729038978	-0.000307656346142608	0.00146781295869155	-0.00026296883217776	0.0238218824443383	0.000156406298876968
2016	0.13910191846935	-0.0013298316655724	0.00183906307470721	0.00648656452705141	0.00350625109570347	0.0649825203070376	-0.000137500042968763
2016	0.00990859684643652	-0.00132950510297034	-0.00103296907280284	-0.000546562670800835	-0.000778593993310623	0.00390500122031288	-0.00114125035664074
2016	0.0123560976112805	-0.00132912697785218	-0.000995156560986425	-0.000379843868701209	-0.000701250219140693	0.00574922054663142	-0.00130281290712903
2016	0.022687507089846	-0.00132950510297034	-0.000598125186914121	0.000754531485791089	-0.000110000034375011	0.0101234406635752	-0.00108968784052745
2016	0.0372126678789587	-0.00132950510297034	0.0000773437741699294	0.000348906359033237	-0.000342031356884799	0.0216700067718771	-0.000711562722363351
2016	0.0215359442299826	-0.00132964260301331	-0.000971094053466892	-0.000550000171875054	-0.0008645315201661	0.00972469053896579	-0.00116703161469738
2016	0.0174023491882341	-0.0013295910404972	-0.000837031511572347	0.000273281335400417	-0.000453750141796919	0.00768625240195388	-0.00113609410502941
2016	0.0123526601102063	-0.00132969416552943	-0.00100375031367197	-0.000108281283837901	-0.000455468892334029	0.00397718874287148	-0.00133375041679701
2016	0.0417415755442424	-0.00132960822800257	-0.000104843782763682	0.00139218793505873	0.000285312589160184	0.0214448504515158	-0.000972812804004001
2016	0.0180692243966326	-0.00132967697802406	-0.000629062696582093	-0.000232031322509788	-0.000678906462158269	0.00833078385336995	-0.00113265660395519
2016	0.0173198491624529	-0.0013297113530348	-0.00094015654379892	-0.00015125004726564	-0.000481250150390672	0.00762265863208082	-0.00128562540175794
2016	0.0636693948966859	-0.00132938479043275	0.000307656346142608	0.00167406302314469	0.0000962500300781344	0.0611720503662657	-0.000103125032226573
2016	0.0088618777693368	-0.00132988322808851	-0.00102437532011729	-0.00110343784482433	-0.00116531286416027	0.0029545321732913	-0.00132859416518568
2016	0.0110532847041515	-0.00132960822800257	-0.00108453158891612	-0.000924687788964934	-0.00118765662114269	0.00421265756645549	-0.00123750038671887
2016	0.0171462553582048	-0.00132965979051868	-0.00108453158891612	-0.000259531331103541	-0.000821562756738362	0.00710015846879952	-0.0011704691157716
2016	0.0304957907799346	-0.00132995197810999	-0.000730468978271556	0.0000567187677246149	-0.000716718973974679	0.0150700047093765	-0.000996875311523535
2016	0.00405109501596719	-0.0013298316655724	-0.00114984410932628	-0.00114468785771496	-0.00123234413510754	0.000800937750293047	-0.00119453162329113
2016	0.00358703237094762	-0.00132952229047572	-0.00128390665122083	-0.00111375034804698	-0.00125468789208997	0.00118078161899426	-0.00132515666411146
2016	0.00493281404150439	-0.0013298316655724	-0.00125468789208997	-0.00113093785341808	-0.0012615628942384	0.00114296910717785	-0.00131140665981458
2016	0.0200492250153828	-0.00132943635294886	-0.000708125221289132	-0.000417656380517619	-0.000852500266406333	0.00939297168530365	-0.000740781481494213
2016	0.0361006362814488	-0.00132929885290589	-0.000137500042968763	0.000730468978271556	-0.00022515632036135	0.0200475062648457	-0.00116359411362316
2016	0.0517412661691457	-0.0013295910404972	-0.0004503126407227	0.00146437545761733	0.000440000137500043	0.0267901646219264	-0.000550000171875054
2016	0.0186484433276385	-0.00132974572804554	-0.000936719042724701	-0.000498437655761767	-0.000861094019091881	0.00820531506416096	-0.000916094036279386
2016	0.00548453296391655	-0.00132943635294886	-0.00114640660825207	-0.000983125307226658	-0.00117734411792004	0.00205562564238301	-0.00129421915444349
2016	0.00841500262968832	-0.00132938479043275	-0.00118765662114269	-0.000725312726660227	-0.00101750031796885	0.00386890745903358	-0.00129421915444349
2016	0.00811422128569415	-0.00132991760309925	-0.00105531282978526	-0.000732187728808665	-0.0010089065652833	0.00281875088085965	-0.00121515662973645
2016	0.0102368781990244	-0.00132953947798109	-0.000979687806152439	-0.000647968952490298	-0.000921250287890715	0.00431062634707073	-0.00121000037812512
2016	0.0036918761537113	-0.00132978010305628	-0.00123234413510754	-0.00112406285126964	-0.00122890663403332	0.000649687703027407	-0.00126671914584973
2016	0.00471281397275437	-0.00132940197793812	-0.00123406288564465	-0.00101062531582041	-0.00116187536308605	0.0015675004898439	-0.0013148441608888
2016	0.0143154732235854	-0.00132933322791663	-0.000845625264257895	-0.000644531451416079	-0.00107765658676768	0.00832734635229574	-0.00128218790068372
2016	0.0269345396670436	-0.00132945354045423	-0.000747656483642651	0.000311093847216827	-0.000397031374072304	0.0145114107848159	-0.00111546909858409
2016	0.00545875170585991	-0.00132993479060462	-0.00118765662114269	-0.000510468909521534	-0.000979687806152439	0.00123062538457043	-0.00132000041250013
2016	0.00938781543369232	-0.00132936760292738	-0.00100546906420908	-0.000684062713769598	-0.00102093781904307	0.00385859495581092	-0.00130625040820325
2016	0.0028462508894534	-0.00132962541550794	-0.00121171912866223	-0.00127015664692395	-0.00130625040820325	0.000560312675097711	-0.00131828166196302
2016	0.0609279877899962	-0.00132969416552943	0.000685781464306708	0.00161906300595719	0.000147812546191421	0.0312520410162628	-0.000732187728808665
2016	0.0145165670364272	-0.00132955666548646	-0.000947031545947358	-0.000311093847216827	-0.000532812666503958	0.00627687696152405	-0.00129250040390638
