KY_PREDICT=[4079,4212,4385,4583,4805,5097,5474,5992,6725,8096,10453,11162,11903,12680,13506,14368,15279,16238,17248,18314,19434];

KY_REAL=[,,,,,,,,,,,10289,10722,11148,11081,9865,9093,9394];


VA_PREDICT=[3183,3322,3492,3702,3959,4282,4696,5225,5964,6971,8685,9242,9830,10450,11090,11769,12477,13214,13996,14809,15669];

VA_REAL=[8685,6749,7831,11675,9037,8810,10195,10448];


PA_PREDICT=[11670,11767,11888,12036,12211,12433,12902,13715,15003,16908,19814,20740,21714,22744,23830,24972,26180,27452,28790,30204,31696];

PA_REAL=[19814,19987,19959,20409,24904,25651,26164,27894];

OH_PREDICT=[10728,10898,11098,11394,11712,12161,12743,13515,14777,16762,19707,20638,21621,22654,23747,24895,26110,27394,28747,30176,31685];

OH_REAL=[0,0,0,0,0,0,0,0,0,0,19707,20330,23145,26846,30860,37127,42470,46104,0,0,0]; 






PA: very good  VA: just so so